2034581 2034581
2033077 2033077 2033077 2033077 2033077 2033077 2033077 2033077 2033077 2033077 2033077 2033077
2034581 2034581 2034581 2034581
2034581 2034581
2034581 2034581 2034581 2034581
2034581 2034581
2027390 2027390 2027390 2027390
2019401
2033078
2045976 2045976 2045976 2045976 2045976 2045976 2045976 2045976 2045976 2045976 2045976 2045976 2045976 2045976 2045976 2045976 2045976 2045976 2045976 2045976 2045976 2045976 2045976 2045976
2034581
2034581
2034581 2034581
2034581 2034581
2034581 2034581
2034581
2034581 2034581 2034581 2034581 2034581 2034581 2034581 2034581 2034581 2034581 2034581 2034581 2034581 2034581 2034581 2034581 2034581 2034581 2034581 2034581 2034581 2034581 2034581
2034581 2034581 2034581 2034581 2034581 2034581 2034581 2034581 2034581 2034581 2034581 2034581 2034581 2034581 2034581 2034581 2034581 2034581 2034581
2034581 2034581
2027863 2027757 2027757 2027757 2027758 2027758 2047702 2027757 2027757 2016778 2047702 2027757 2027757 2027757 2027757 2027757 2027757 2027757 2027757 2047702 2027757 2027757 2027757 2027758 2027758 2027758 2047702 2027863 2027863 2047702 2027758 2027758 2027757 2027757 2027757 2027757 2047702 2047702 2027863 2047702 2047702 2035466 2035466 2027758 2027758 2027758 2047702 2027863 2036860 2036860 2047702 2027863 2027863 2027757 2047702 2027758 2036860 2036860 2027758 2047702 2027757 2027757 2027757 2027757 2027863 2027757 2027757 2027757 2047702 2027757 2027757 2027757 2027757 2027757 2027757 2027757 2027757 2047702 2047702 2027758 2047702 2047702 2036860 2036860 2027757 2027757 2027757 2027757 2027863 2027863 2027863 2027863 2036860 2036860 2027758 2027758 2027863 2027757 2027757 2027757 2027757 2027757 2027757 2027757 2027757 2027757 2027757 2027758 2027758 2027863 2027863 2027863 2027863 2027758 2027863 2027757 2027757 2027863 2027758 2027758 2027758 2027758 2027757 2027757 2027757 2027757 2027758 2027758 2023883 2027757 2027757 2027757 2027757 2027863 2027863 2014169 2014169 2027863 2027863 2027863 2027863 2027863 2027863 2027863 2027863 2027757 2027757 2027757 2027863 2027863 2027863 2036860 2036860
2400038 2016360 2400038 2400038 2400038 2400038 2016150 2400038 2029340
2029340
2016150
2400038 2016150 2016150 2016150 2016150 2016150 2016150 2016150
2029340 2029340 2029340 2029340 2029340 2029340 2029340 2029340 2029340 2029340 2029340 2029340 2029340 2029340 2029340 2029340 2029340 2029340 2029340 2029340 2029340 2029340 2029340 2029340 2029340 2029340 2029340 2029340 2029340 2029340 2029340 2029340 2029340 2029340 2029340 2029340 2029340 2029340 2029340 2029340 2029340 2029340 2029340 2029340 2029340 2029340 2029340 2029340 2029340 2029340 2029340 2029340 2029340 2029340 2029340 2029340 2029340 2029340 2029340 2029340 2029340 2029340 2029340 2029340 2029340 2029340 2029340 2029340 2029340 2029340 2029340 2029340 2029340 2029340 2029340 2029340 2029340 2029340 2029340 2029340 2029340 2029340 2029340 2029340 2029340 2029340 2029340 2029340 2029340 2029340 2029340 2029340 2029340 2029340 2029340 2029340 2029340 2029340 2029340 2029340 2029340 2029340 2029340 2029340 2029340 2029340 2029340 2029340 2029340 2029340 2029340 2029340 2029340 2029340 2029340 2029340 2029340 2029340 2029340 2029340 2029340 2029340 2029340 2029340 2029340 2029340 2029340 2029340 2029340 2029340 2029340 2029340 2029340 2029340 2029340 2029340 2029340 2029340 2029340 2029340 2029340 2029340 2029340 2029340 2029340 2029340 2029340 2029340 2029340 2029340 2029340 2029340 2029340 2029340 2029340 2029340 2029340 2029340 2029340 2029340 2029340 2029340 2029340 2029340 2029340 2029340 2029340 2029340 2029340 2029340 2029340 2029340 2029340 2029340 2029340 2029340 2029340 2029340 2029340 2029340 2029340 2029340 2029340 2029340 2029340 2029340 2029340 2029340 2029340 2029340 2029340 2029340 2029340 2029340 2029340 2029340 2029340 2029340 2029340 2029340 2029340 2029340 2029340 2029340 2029340 2029340 2029340 2029340 2029340 2029340 2029340 2029340 2029340 2029340 2029340 2029340 2029340 2029340 2029340 2029340 2029340 2029340 2029340 2029340 2029340 2029340 2029340 2029340 2029340 2029340 2029340 2029340 2029340 2029340 2029340 2029340 2029340 2029340 2029340 2029340 2029340 2029340 2029340 2029340 2029340 2029340 2029340 2029340 2029340 2029340 2029340 2029340 2029340 2029340 2029340 2029340 2029340 2029340 2029340 2029340 2029340 2029340 2029340 2029340 2029340 2029340 2029340 2029340 2029340 2029340 2029340 2029340 2029340 2029340 2029340 2029340 2029340 2029340 2029340 2029340 2029340 2029340 2029340 2029340 2029340 2029340 2029340 2029340 2029340 2029340 2029340 2029340 2029340 2029340 2029340 2029340 2029340 2029340 2029340 2029340 2029340 2029340 2029340 2029340 2029340 2029340 2029340 2029340 2029340 2029340 2029340 2029340 2029340 2029340 2029340 2029340 2029340 2029340 2029340 2029340 2029340 2029340 2029340 2029340 2029340 2029340 2029340 2029340 2029340 2029340 2029340 2029340 2029340 2029340 2029340 2029340 2029340 2029340 2029340 2029340 2029340 2029340 2029340 2029340 2029340 2029340 2029340 2029340 2029340 2029340 2029340 2029340 2029340 2029340 2029340 2029340 2029340 2029340 2029340 2029340 2029340 2029340 2029340 2029340 2029340 2029340 2029340 2029340 2029340 2029340 2029340 2029340 2029340 2029340 2029340 2029340 2029340 2029340 2029340 2029340 2029340 2029340 2029340 2029340 2029340 2029340 2029340 2029340 2029340 2029340 2029340 2029340 2029340 2029340 2029340 2029340 2029340 2029340 2029340 2029340 2029340 2029340 2029340 2029340 2029340 2029340 2029340 2029340 2029340 2029340 2029340 2029340 2029340 2029340 2029340 2029340 2029340 2029340 2029340 2029340 2029340 2029340 2029340 2029340 2029340 2029340 2029340 2029340 2029340 2029340 2029340 2029340 2029340 2029340 2029340 2029340 2029340 2029340 2029340 2029340 2029340 2029340 2029340 2029340 2029340 2029340 2029340 2029340 2029340 2029340 2029340 2029340 2029340 2029340 2029340 2029340 2029340 2029340 2029340 2029340 2029340 2029340 2029340 2029340 2029340 2029340 2029340 2029340 2029340 2029340 2029340 2029340 2029340 2029340 2029340 2029340 2029340 2029340 2029340 2029340 2029340
2027863 2027863 2027863 2027863 2027757 2027757 2027757 2027757 2027757 2027757 2027757 2027757 2027758 2027758 2027758 2027758 2027758 2027758 2047702 2047702 2047702 2047702 2027757 2027757 2027757 2027757 2027757 2027757 2016778 2016778 2016778 2016778 2047702 2047702 2027757 2027757 2027757 2027757 2027757 2027757 2027757 2027757 2027757 2027757 2027757 2027757 2027757 2027757 2027757 2027757 2027757 2027757 2027757 2027757 2027757 2027757 2027757 2027757 2047702 2047702 2047702 2047702 2027757 2027757 2027757 2027757 2027757 2027757 2027757 2027757 2027757 2027757 2027758 2027758 2027758 2027758 2027758 2027758 2027758 2027758 2027758 2027758 2047702 2047702 2047702 2047702 2027863 2027863 2027863 2027863 2047702 2047702 2047702 2047702 2027758 2027758 2027758 2027758 2027758 2027758 2027758 2027758 2027758 2027758 2027757 2027757 2027757 2027757 2027757 2027757 2027757 2027757 2047702 2047702 2047702 2047702 2047702 2047702 2047702 2047702 2027863 2027863 2047702 2047702 2047702 2047702 2047702 2047702 2047702 2047702 2035466 2035466 2035466 2035466 2035466 2035466 2027758 2027758 2027758 2027758 2027758 2027758 2027758 2027758 2027758 2027758 2027758 2027758 2027758 2027758 2027758 2027758 2027758 2027758 2027758 2027758 2027758 2027758 2047702 2047702 2047702 2047702 2027863 2027863 2036860 2036860 2036860 2036860 2036860 2036860 2036860 2036860 2036860 2036860 2047702 2047702 2047702 2047702 2027863 2027863 2027863 2027863 2027757 2027757 2047702 2047702 2047702 2047702 2036860 2036860 2036860 2036860 2036860 2036860 2036860 2036860 2036860 2036860 2047702 2047702 2047702 2047702 2027757 2027757 2027757 2027757 2027757 2027757 2027757 2027757 2027863 2027863 2027863 2027863 2027757 2027757 2027757 2027757 2027757 2027757 2027757 2027757 2027757 2027757 2047702 2047702 2047702 2047702 2027757 2027757 2027757 2027757 2027757 2027757 2027757 2027757 2027757 2027757 2027757 2027757 2027757 2027757 2027757 2027757 2027757 2027757 2027757 2027757 2027757 2027757 2047702 2047702 2047702 2047702 2047702 2047702 2047702 2047702 2047702 2047702 2047702 2047702 2047702 2047702 2047702 2047702 2036860 2036860 2036860 2036860 2036860 2036860 2027757 2027757 2027757 2027757 2027757 2027757 2027757 2027757 2027757 2027757 2027757 2027757 2027863 2027863 2027863 2027863 2027863 2027863 2027863 2027863 2027863 2027863 2027863 2027863 2027863 2027863 2027863 2027863 2027863 2027863 2036860 2036860 2036860 2036860 2036860 2036860 2027758 2027758 2027758 2027758 2027758 2027758 2027758 2027758 2027758 2027758 2027863 2027863 2027863 2027863 2027757 2027757 2027757 2027757 2027757 2027757 2027757 2027757 2027757 2027757 2027757 2027757 2027757 2027757 2027757 2027757 2027757 2027757 2027757 2027757 2027757 2027757 2027757 2027757 2027757 2027757 2027757 2027757 2027757 2027757 2027758 2027758 2027758 2027758 2027863 2027863 2027863 2027863 2027863 2027863 2027863 2027863 2027863 2027863 2027863 2027863 2027863 2027863 2027863 2027863 2027758 2027758 2027758 2027758 2027758 2027758 2027758 2027758 2027758 2027758 2027863 2027863 2027863 2027863 2027757 2027757 2027757 2027757 2027757 2027757 2027758 2027758 2027758 2027758 2027758 2027758 2027758 2027758 2027757 2027757 2027757 2027757 2027757 2027757 2027757 2027757 2023883 2027757 2027757 2027757 2027757 2027757 2027757 2027757 2027757 2027757 2027757 2027863 2027863 2027863 2027863 2014169 2014169 2014169 2014169 2027863 2027863 2027863 2027863 2027863 2027863 2027863 2027863 2027863 2027863 2027863 2027863 2027863 2027863 2027863 2027863 2027863 2027863 2027863 2027863 2027863 2027863 2027863 2027863 2027757 2027757 2027757 2027757 2027757 2027757 2027757 2027757 2027863 2027863 2027863 2027863 2027863 2027863 2027863 2027863 2027863 2027863 2027863 2027863 2027863 2027863 2027863 2027863 2027863 2027863 2036860 2036860 2036860 2036860
2018959 2019512 2019512 2019512 2019512 2019512 2019512 2019512 2019512 2019512 2019512 2019512 2016150 2016150 2016150 2016150 2016150 2016150 2016150 2016150 2016150 2016150 2016150 2016150 2016150 2016150 2016150 2016150 2016150 2016150 2016150 2016150 2016150 2016150 2016150 2016150 2016150 2016150 2016150 2016150 2016150 2016150 2016150 2016150 2016150 2016150 2016150 2016150 2016150 2016150 2016150 2016150 2016150 2016150 2016150 2016150 2016150 2016150 2016150 2016150 2019512 2016150 2016150 2016150 2016150 2016150 2016150 2016150 2016150 2016150 2016150 2016150 2016150 2016150 2016150 2016150 2016150 2016150 2016150 2016150 2016150 2016150 2016150 2016150 2016150 2016150 2016150 2016150 2016150 2016150 2016150 2016150 2016150 2016150 2016150 2016150 2016150 2016150 2016150 2016150 2016150 2016150 2016150 2016150 2016150 2016150 2016150 2016150 2016150 2016150 2016150 2016150 2016150 2016150 2016150 2016150 2016150 2016150 2016150 2016150 2016150 2016150 2016150 2016150 2016150 2016150 2016150 2016150 2016150 2016150 2016150 2016150 2016150 2016150 2016150 2016150 2016150 2016150 2016150 2016150 2016150 2016150 2016150 2016150 2016150 2016150 2016150 2016150 2016150 2016150 2016150 2016150 2016150 2016150 2016150 2016150 2016150 2016150 2016150 2016150 2016150 2016150 2016150 2016150 2016150 2016150 2016150 2016150 2016150 2016150 2016150 2016150 2016150 2016150 2016150 2016150 2016150 2016150 2016150 2016150 2016150 2016150 2016150 2019512 2016150 2016150 2016150 2016150 2016150 2016150 2016150 2016150 2016150 2016150 2016150 2016150 2016150 2016150 2016150 2016150 2016150 2016150 2016150 2016150 2016150 2016150 2016150 2016150 2016150 2016150 2016150 2016150 2016150 2016150 2016150 2016150 2016150 2016150 2016150 2016150 2016150 2016150 2016150 2016150 2016150 2016150 2016150 2016150 2016150 2016150 2016150 2016150
2016149 2016149 2016149 2016149 2016149 2016149 2016149 2016149 2016149 2016149 2016149 2016149 2016149 2016149 2016149 2016149 2016149 2016149 2016149 2016149 2016149 2016149 2016149 2016149 2016149 2016149 2016149 2016149 2016149 2016149 2016149 2016149 2016149 2016149 2016149 2016149 2016149 2016149 2016149 2016149 2016149 2016149 2016149 2016149 2016149 2016149 2016149 2016149 2016149 2016149 2016149 2016149 2016149 2016149 2016149 2016149 2016149 2016149 2016149 2016149 2016149 2016149 2016149 2016149 2016149 2016149 2016149 2016149 2016149 2016149 2016149 2016149 2016149 2016149 2016149 2016149 2016149 2016149 2016149 2016149 2016149 2016149 2016149 2016149 2016149 2016149 2016149 2016149 2016149 2016149 2016149 2016149 2016149 2016149 2016149 2016149 2016149 2016149 2016149 2016149 2016149 2016149 2016149 2016149 2016149 2016149 2016149 2016149 2016149 2016149 2016149 2016149 2016149 2016149 2016149 2016149 2016149 2016149 2016149 2016149 2016149 2016149 2016149 2016149 2016149 2016149 2016149 2016149 2016149 2016149 2016149 2016149 2016149 2016149 2016149 2016149 2016149 2016149 2016149 2016149 2016149 2016149 2016149 2016149 2016149 2016149 2016149 2016149 2016149 2016149 2016149 2016149 2016149 2016149 2016149 2016149 2016149 2016149 2016149 2016149 2016149 2016149 2016149 2016149 2016149 2016149 2016149 2016149 2016149 2016149 2016149 2016149 2016149 2016149 2016149 2016149 2016149 2016149 2016149 2016149 2016149 2016149 2016149 2016149 2016149 2016149 2016149 2016149 2016149 2016149 2016149 2016149 2016149 2016149 2016149 2016149 2016149 2016149 2016149 2016149 2016149 2016149 2016149 2016149 2016149 2016149 2016149 2016149 2016149 2016149 2016149 2016149 2016149 2016149 2016149 2016149 2016149 2016149 2016149 2016149
2027390 2027390 2027390 2027390
2034581
2034581 2034581
2034581 2034581 2034581 2034581 2034581 2034581 2034581 2034581 2034581 2034581 2034581 2034581 2034581 2034581 2034581 2034581 2034581
2034581 2034581 2034581 2034581 2034581 2034581 2034581 2034581 2034581 2034581 2034581 2034581 2034581 2034581 2034581 2034581 2034581 2034581
2032987
2034581
2034581 2034581 2034581 2034581 2034581 2034581
2027390 2027390 2027390 2027390 2027390 2027390 2027390 2027390 2027390 2027390 2027390 2027390 2027390 2027390 2027390 2027390
2027390 2027390 2027390 2027390
2027390 2027390 2027390 2027390 2027390 2027390 2027390 2027390 2027390 2027390
2027390 2027390 2027390 2027390 2027390 2027390 2027390 2027390
2047703 2047703
2047703 2047703 2047703
2034581 2034581 2034581 2034581 2034581 2034581 2034581 2034581 2034581 2034581 2034581 2034581 2034581 2034581 2034581 2034581 2034581 2034581 2034581 2034581 2034581 2034581 2034581 2034581 2034581 2034581 2034581 2034581 2034581 2034581 2034581 2034581 2034581 2034581 2034581 2034581 2034581 2034581 2034581 2034581 2034581 2034581 2034581 2034581 2034581 2034581 2034581 2034581 2034581 2034581 2034581 2034581 2034581 2034581 2034581 2034581 2034581 2034581 2034581 2034581 2034581 2034581 2034581 2034581 2034581 2034581 2034581 2034581 2034581 2034581 2034581 2034581 2034581 2034581 2034581 2034581 2034581
2034581 2034581 2034581 2034581 2034581 2034581 2034581 2034581 2034581 2034581 2034581 2034581 2034581 2034581 2034581 2034581 2034581 2034581 2034581 2034581 2034581 2034581 2034581 2034581 2034581 2034581 2034581 2034581 2034581 2034581 2034581 2034581 2034581 2034581 2034581 2034581 2034581 2034581 2034581 2034581 2034581 2034581 2034581 2034581 2034581 2034581 2034581 2034581 2034581 2034581 2034581 2034581 2034581 2034581 2034581 2034581 2034581 2034581 2034581 2034581 2034581 2034581 2034581 2034581
2019401 2019401
2019401 2019401
2034581
2034581 2034581 2034581 2034581 2034581 2034581 2034581 2034581 2034581 2034581 2034581 2034581 2034581 2034581 2034581 2034581 2034581 2034581 2034581 2034581 2034581
2034581 2034581 2034581 2034581 2034581 2034581 2034581 2034581 2034581 2034581
2014381
2025275 2027390 2027390 2027390 2027390
2025275 2027390 2027390 2027390 2027390
2025275 2027390 2027390 2027390 2027390 2025275 2027390 2027390 2027390 2027390 2027390 2027390
2025275 2027390 2027390 2027390 2027390 2027390 2027390 2027390 2027390
2025275 2027390 2027390 2027390 2027390 2025275 2027390 2027390 2027390 2027390 2027390 2027390 2027390 2027390
2025275 2027390 2027390 2027390 2027390 2027390 2027390 2027390 2027390
2047703 2047703 2047703
2016149 2016149 2016149 2016149 2016149 2016149 2016149
2016149 2016149 2016149 2016149 2016149 2016149 2016149 2016149 2016149 2016149 2016149 2016149 2016149 2016149 2016149 2016149 2016149 2016149 2016149 2016149 2016149 2016149 2016149 2016149 2016149 2016149 2016149 2016149 2016149 2016149 2016149 2016149 2016149 2016149 2016149 2016149 2016149 2016149 2016149 2016149 2016149 2016149 2016149 2016149 2016149 2016149 2016149 2016149 2016149 2016149 2016149 2016149 2016149 2016149 2016149 2016149 2016149 2016149 2016149 2016149 2016149 2016149 2016149 2016149 2016149 2016149 2016149 2016149 2016149 2016149 2016149 2016149 2016149 2016149 2016149 2016149 2016149 2016149 2016149 2016149 2016149 2016149 2016149 2016149 2016149 2016149 2016149 2016149 2016149 2016149 2016149 2016149 2016149 2016149 2016149 2016149 2016149
2016149 2016149 2016149 2016149 2016149 2016149 2016149 2016149 2016149 2016149 2016149 2016149 2016149 2016149 2016149 2016149 2016149 2016149 2016149 2016149 2016149 2016149 2016149 2016149 2016149 2016149 2016149 2016149 2016149 2016149 2016149 2016149 2016149 2016149 2016149 2016149 2016149
2047703 2047703 2047703 2047703 2047703 2047703
2047703 2047703 2047703 2047703
2032987 2032987 2032987 2032987 2032987 2032987 2032987
2032987 2032987 2032987 2032987
2032987 2032987 2032987 2032987 2032987 2032987 2032987 2032987
2032987 2032987 2032987 2032987 2032987 2032987 2032987 2032987 2032987
2032987 2032987 2032987 2032987 2032987 2032987 2032987 2032987
2032987 2032987 2032987 2032987
2032987 2032987 2032987 2032987 2032987 2032987 2032987 2032987 2032987 2032987
2032987 2032987 2032987 2032987 2032987 2032987
2034581 2034581 2034581 2034581 2034581 2034581 2034581 2034581 2034581 2034581 2034581
2034581 2034581 2034581 2034581 2034581 2034581 2034581 2034581 2034581 2034581 2034581 2034581 2034581 2034581 2034581 2034581 2034581 2034581 2034581 2034581 2034581 2034581 2034581 2034581 2034581
2034581
2023882
2013504 2013504 2013504 2013504 2013504
2013504 2013504 2013504 2013504 2013504 2013504 2013504 2013504 2013504 2013504 2013504 2013504 2013504 2013504 2013504 2013504 2013504 2013504 2013504 2013504 2013504 2013504 2013504 2013504 2013504 2013504 2013504 2013504 2013504 2013504 2013504 2013504 2013504 2013504 2013504 2013504 2013504 2013504 2013504 2013504 2013504 2013504 2013504 2013504 2013504 2013504 2013504 2013504 2013504 2013504 2013504 2013504 2013504 2013504 2013504 2013504 2013504 2013504 2013504 2013504 2013504 2013504 2013504
2013504 2013504 2013504 2013504
2013504 2013504 2013504 2013504 2013504 2013504 2013504 2013504 2013504 2013504 2013504 2013504 2013504 2013504 2013504 2013504 2013504 2013504
2013504
2013504 2013504 2013504 2013504 2013504 2013504 2013504 2013504 2013504 2013504 2013504 2013504 2013504
2013504 2013504 2013504 2013504 2013504 2013504 2013504 2013504 2013504 2013504 2013504 2013504 2013504 2013504 2013504
2013504 2013504
2013504 2013504 2013504 2013504 2013504 2013504 2013504 2013504 2013504 2013504 2013504 2013504
