7036 7024 7031 7036 7024 7031 7036 7024 7031 7036 7024 7031 7036 7024 7031 7036 7024 7031 7036 7024 7031 7036 7024 7031 7036 7024 7031 7036 7024 7031 7036 7024 7031 10016 7036 7024 7031 7036 7024 7031 10016 7036 7024 7031 7036 7024 7031 7036 7024 7031 7036 7024 7031 7036 7036 7024 7031 7036 7024 7031 7036 7024 7031 7036 7024 7031 7036 7024 7031 7036 7036 7024 7031 7036 7024 7031 7036 7024 7031 10016 7036 7024 7031 7036 7024 7031 10016
10016 7036 7024 7031 7036 7024 7031 7036 7024 7031 7036 7024 7031 7036 7024 7031 7036 7024 7031 7036 7024 7031 7036 7024 7031 7036 7024 7031 7036 7024 7031 7036 7024 7031 7036 7024 7031 7036 7024 7031 7036 7024 7031 10016 7036 7024 7031 7036 7024 7031 7036 7024 7031 7036 7024 7031 7036 7024 7031 7036 7024 7031 7036 7024 7031 7036 7024 7031 7036 7024 7031 7036 7024 7031 7036 7024 7031 7036 7024 7031 7036 7036 7036 7036 7036 7036 7036 7024 7031 7036
7036 7024 7031 7036 7024 7031 7036 7024 7031 7036 7024 7031 7036 7024 7031 7036 7024 7031 7036 7024 7031 7036 7024 7031 7036 7024 7031 7036 7024 7031 7036 7024 7031 7036 7024 7031 7036 7024 7031 7036 7024 7031 7036 7024 7031 7036 7024 7031 7036 7024 7031 7036 7024 7031 7036 7024 7031 7036 7024 7031 7036 7024 7031 7036 7024 7031 7036 7024 7031 7036 7024 7031 7036 7036 7024 7031 7036 7024 7031 7036 7024 7031
7036 7024 7031 7036 7024 7031 7036 7024 7031 7036 7024 7031 7036 7024 7031 7036 7024 7031 7036 7024 7031 7036 7024 7031 7036 7024 7031 7036 7024 7031 7036 7024 7031 7036 7024 7031 7036 7024 7031 7036 7024 7031 7036 7024 7031 7036 7024 7031 7036 7024 7031 7036 7024 7031 7036 7024 7031 7036 7024 7031 7036 7024 7031 7036 7024 7031 7036 7024 7031 7036 7024 7031 7036 7024 7031 7036 7024 7031 7036 7024 7031 7036 7024 7031
7036 7024 7031 7036 7024 7031 7036 7024 7031 7036 7024 7031 7036 7024 7031 7036 7024 7031 7036 7024 7031 7036 7024 7031 7036 7024 7031 7036 7024 7031 7036 7024 7031 7036 7024 7031 7036 7024 7031 7036 7024 7031 7036 7024 7031 7036 7024 7031 7036 7024 7031 7036 7024 7031 7036 7024 7031 7036 7024 7031 7036 7024 7031 7036 7024 7031 7036 7024 7031 7036 7024 7031 7036 7024 7031 7036 7024 7031 7036 7024 7031
7036 7024 7031 7036 7024 7031 7036 7024 7031 7036 7036 7036 7024 7031 7036 7024 7031 7036 7024 7031 7036 7024 7031 7036 7024 7031 7036 7036 7024 7031 7036 7024 7031 7036 7024 7031 7036 7024 7031 7036 7024 7031 7036 7024 7031 7036 7024 7031 7036 7024 7031 7036 7024 7031 7036 7024 7031 7036 7024 7031 7036 7024 7031 7036 7024 7031 7036 7024 7031 7036 7024 7031 7036 7024 7031 7036 7024 7031 7036 7024 7031
7036 7024 7031 7036 7024 7031 7036 7024 7031 7036 7036 7024 7031 7036 7024 7031 7036 7024 7031 7036 7024 7031 7036 7024 7031 7036 7024 7031 7036 7024 7031 7036 7024 7031 7036 7024 7031 7036 7024 7031 7036 7024 7031 7036 7024 7031 7036 7024 7031 7036 7024 7031 7036 7024 7031 7036 7024 7031 7036 7024 7031 7036 7024 7031 7036 7024 7031 7036 7024 7031 7036 7024 7031 7036 7024 7031 7036 7024 7031 7036 7024 7031 7036 7024 7031
7036 7024 7031 7036 7024 7031 7036 7024 7031 7036 7024 7031 7036 7024 7031 7036 7024 7031 7036 7024 7031 7036 7024 7031 7036 7024 7031 7036 7024 7031 7036 7024 7031 7036 7024 7031 7036 7024 7031 7036 7024 7031 7036 7024 7031 7036 7024 7031 7036 7024 7031 7036 7024 7031 7036 7024 7031 7036 7024 7031 7036 7024 7031 7036 7024 7031 7036 7024 7031 7036 7024 7031 7036 7024 7031 7036 7024 7031 7036 7024 7031
7036 7024 7031 7036 7024 7031 7036 7024 7031 7036 7024 7031 7036 7024 7031 7036 7024 7031 7036 7024 7031 7036 7024 7031 7036 7024 7031 7036 7024 7031 7036 7024 7031 7036 7024 7031 7036 7024 7031 7036 7024 7031 7036 7024 7031 7036 7024 7031 7036 7024 7031 7036 7024 7031 7036 7024 7031 7036 7024 7031 7036 7024 7031 7036 7024 7031 7036 7024 7031 7036 7024 7031 7036 7024 7031 7036 7036 7036 7036 7036 7036 7024 7031 7036 7024 7031
7036 7024 7031 7036 7024 7031 7036 7024 7031 7036 7024 7031 7036 7024 7031 7036 7024 7031 7036 7024 7031 7036 7024 7031 7036 7024 7031 7036 7024 7031 7036 7024 7031 7036 7024 7031 7036 7024 7031 7036 7024 7031 7036 7024 7031 7036 7024 7031 7036 7024 7031 7036 7024 7031 7036 7024 7031 7036 7024 7031 7036 7024 7031 7036 7024 7031 7036 7024 7031 7036 7036 7024 7031 7036 7024 7031 7036 7024 7031
7036 7024 7031 7036 7024 7031 7036 7024 7031 7036 7024 7031 7036 7024 7031 7036 7024 7031 7036 7024 7031 7036 7036 7036 7036 7036 7036 7024 7031 7036 7024 7031 7036 7024 7031 7036 7024 7031 7036 7024 7031 7036 7024 7031 7036 7024 7031 7036 7024 7031 7036 7024 7031 7036 7024 7031 7036 7024 7031 7036 7024 7031 7036 7024 7031 7036 7024 7031 7036 7024 7031 7036 7024 7031 7036 7024 7031 7036 7024 7031 7036 7024 7031 7036 7024 7031 7036 7024 7031
7036 7024 7031 7036 7024 7031 7036 7024 7031 7036 7024 7031 7036 7024 7031 7036 7036 7024 7031 7036 7024 7031 7036 7024 7031 7036 7024 7031 7036 7024 7031 7036 7024 7031 7036 7024 7031 7036 7024 7031 7036 7024 7031 7036 7024 7031 7036 7024 7031 7036 7024 7031 7036 7024 7031 7036 7024 7031 7036 7024 7031 7036 7024 7031 7036 7024 7031 7036 7024 7031 7036 7024 7031 7036 7024 7031 7036 7024 7031
7036 7024 7031 7036 7024 7031 7036 7024 7031 7036 7024 7031 7036 7024 7031 7036 7024 7031 7036 7024 7031 7036 7024 7031 7036 7024 7031 7036 7024 7031 7036 7024 7031 7036 7024 7031 7036 7024 7031 7036 7024 7031 7036 7024 7031 7036 7024 7031 7036 7024 7031 7036 7024 7031 7036 7024 7031 7036 7024 7031 7036 7024 7031 7036 7024 7031 7036 7024 7031 7036 7024 7031 7036 7024 7031 7036 7024 7031 7036 7024 7031 7036 7024 7031
7036 7024 7031 7036 7024 7031 7036 7024 7031 7036 7024 7031 7036 7024 7031 7036 7024 7031 7036 7024 7031 7036 7024 7031 7036 7024 7031 7036 7024 7031 7036 7024 7031 7036 7024 7031 7036 7024 7031 7024 7031 7036 7024 7031 7036 7024 7031 7036 7024 7031 7036 7024 7031 7036 7024 7031 7036 7024 7031 7036 7024 7031 7036 7024 7031 7036 7024 7031 7036 7024 7031 7036 7024 7031 7036 7024 7031 7036 7024 7031 7036
7036 7024 7031 7036 7024 7031 7036 7024 7031 7036 7024 7031 7036 7024 7031 7036 7024 7031 7036 7024 7031 7036 7024 7031 7036 7024 7031 7036 7024 7031 7036 7024 7031 7036 7024 7031 7036 7024 7031 7036 7024 7031 7036 7024 7031 7036 7024 7031 7036 7024 7031 7036 7024 7031 7036 7024 7031 7036 7024 7031 7036 7024 7031 7036 7024 7031 7036 7024 7031 7036 7024 7031 7036 7024 7031 7036 7024 7031 7036 7024 7031
7036 7024 7031 7036 7024 7031 7036 7024 7031 7036 7024 7031 7036 7024 7031 7036 7024 7031 7036 7024 7031 7036 7024 7031 7036 7024 7031 7036 7024 7031 7036 7024 7031 7036 7024 7031 7036 7024 7031 7036 7024 7031 7036 7024 7031 7036 7024 7031 7036 7024 7031 7036 7024 7031 7036 7024 7031 7036 7024 7031 7036 7024 7031 7036 7024 7031 7036 7024 7031 7036 7024 7031 7036 7024 7031 7036 7024 7031 7036 7024 7031
7036 7024 7031 7036 7024 7031 7036 7024 7031 7036 7024 7031 7036 7024 7031 7036 7024 7031 7036 7024 7031 7036 7024 7031 7036 7024 7031 7036 7024 7031 7036 7024 7031 7036 7024 7031 7036 7024 7031 7036 7024 7031 7036 7024 7031 7036 7024 7031 7036 7024 7031 7036 7024 7031 7036 7024 7031 7036 7024 7031 7036 7024 7031 7036 7024 7031 7036 7024 7031 7036 7024 7031 7036 7024 7031 7036 7024 7031 7036 7024 7031
7036 7024 7031 7036 7024 7031 7036 7024 7031 7036 7024 7031 7036 7024 7031 7036 7024 7031 7036 7024 7031 7036 7024 7031 7036 7024 7031 7036 7024 7031 7036 7024 7031 7036 7024 7031 7036 7024 7031 7036 7024 7031 7036 7024 7031 7036 7024 7031 7036 7024 7031 7036 7024 7031 7036 7024 7031 7036 7024 7031 7036 7024 7031 7036 7024 7031 7036 7024 7031 7036 7024 7031 7036 7024 7031 7036 7024 7031 7036 7024 7031
7036 7024 7031 7036 7024 7031 7036 7024 7031 7036 7024 7031 7036 7024 7031 7036 7024 7031 7036 7024 7031 7036 7024 7031 7036 7024 7031 7036 7024 7031 7036 7024 7031 7036 7024 7031 7036 7024 7031 7036 7024 7031 7036 7024 7031 7036 7024 7031 7036 7024 7031 7036 7024 7031 7036 7024 7031 7036 7024 7031 7036 7024 7031 7036 7024 7031 7036 7024 7031 7036 7024 7031 7036 7024 7031 7036 7024 7031 7036 7024 7031
7036 7024 7031 7036 7024 7031 7036 7024 7031 7036 7024 7031 7036 7024 7031 7036 7024 7031 7036 7024 7031 7036 7024 7031 7036 7024 7031 7036 7024 7031 7036 7024 7031 7036 7024 7031 7036 7024 7031 7036 7024 7031 7036 7024 7031 7036 7024 7031 7036 7024 7031 7036 7024 7031 7036 7024 7031 7036 7024 7031 7036 7024 7031 7036 7024 7031 7036 7024 7031 7036 7024 7031 7036 7024 7031 7036 7024 7031 7036 7024 7031
7036 7024 7031 7036 7024 7031 7036 7024 7031 7036 7024 7031 7036 7024 7031 7036 7024 7031 7036 7024 7031 7036 7024 7031 7036 7024 7031 7036 7024 7031 7036 7024 7031 7036 7024 7031 7036 7024 7031 7036 7024 7031 7036 7024 7031 7036 7024 7031 7036 7024 7031 7036 7024 7031 7036 7024 7031 7036 7024 7031 7036 7024 7031 7036 7024 7031 7036 7024 7031 7036 7024 7031 7036 7024 7031 7036 7024 7031 7036 7024 7031
7036 7024 7031 7036 7024 7031 7036 7024 7031 7036 7024 7031 7036 7024 7031 16 7036 7024 7031 7036 7024 7031 7036 7024 7031 7036 7024 7031 7036 7024 7031 7036 7024 7031 7036 7024 7031 7036 7024 7031 7036 7024 7031 7036 7024 7031 7036 7024 7031 7036 7024 7031 7036 7024 7031 7036 7024 7031 7036 7036 7036 7024 7031 7036 7024 7031 7036 7024 7031 7036 16 7036 7024 7031 7036 7036 7024 7031 7036 7036 7024 7031 7036 7024 7031 7036 7024 7031
7036 7024 7031 7036 7024 7031 7036 7024 7031 7036 7024 7031 7036 7024 7031 7036 7024 7031 7036 7024 7031 7036 7024 7031 7036 7024 7031 7036 7024 7031 7036 7024 7031 7036 7024 7031 7036 7024 7031 7036 7024 7031 7036 7024 7031 7036 7024 7031 7036 7024 7031 7036 7024 7031 7036 7024 7031 7036 7036 7024 7031 7036 7024 7031 7036 7024 7031 7036 7024 7031 7036 7024 7031 7036 7024 7031 7036 7024 7031 7036 7024 7031
7036 7024 7031 7036 7024 7031 7036 7024 7031 7036 7024 7031 7036 7024 7031 7036 7024 7031 7036 7024 7031 7036 7024 7031 7036 7024 7031 7036 7024 7031 7036 7024 7031 7036 7024 7031 7036 7024 7031 7036 7024 7031 7036 7024 7031 7036 7024 7031 7036 7024 7031 7036 7024 7031 7036 7024 7031 7036 7024 7031 7036 7024 7031 7036 7024 7031 7036 7024 7031 7036 7024 7031 7036 7024 7031 7036 7024 7031 7036 7024 7031
7036 7024 7031 7036 7024 7031 7036 7024 7031 7036 7024 7031 7036 7024 7031 7036 7024 7031 7036 7024 7031 7036 7024 7031 7036 7024 7031 7036 7024 7031 7036 7024 7031 7036 7024 7031 7036 7024 7031 7036 7024 7031 7036 7024 7031 7036 7024 7031 7036 7024 7031 7036 7024 7031 7036 7024 7031 7036 7024 7031 7036 7024 7031 7036 7024 7031 7036 7024 7031 7036 7024 7031 7036 7024 7031 7036 7024 7031 7036 7024 7031
7036 7024 7031 7036 7024 7031 7036 7024 7031 7036 7024 7031 7036 7024 7031 7036 7024 7031 7036 7024 7031 7036 7024 7031 7036 7024 7031 7036 7024 7031 7036 7024 7031 7036 7024 7031 7036 7024 7031 7036 7024 7031 7036 7036 7036 7024 7031 7036 7024 7031 7036 7024 7031 7036 7024 7031 7036 7024 7031 7036 7024 7031 7036 7024 7031 7036 7024 7031 7036 7024 7031 7036 7024 7031 7036 7024 7031 7036 7024 7031 7036 7024 7031
7036 7024 7031 7036 7024 7031 7036 7024 7031 7036 7024 7031 7036 7024 7031 7036 7024 7031 7036 7024 7031 7036 7024 7031 7036 7024 7031 7036 7024 7031 7036 7024 7031 7036 7024 7031 7036 7024 7031 7036 7024 7031 7036 7024 7031 7036 7024 7031 7036 7024 7031 7036 7024 7031 7036 7024 7031 7036 7024 7031 7036 7024 7031 7036 7024 7031 7036 7024 7031 7036 7024 7031 7036 7024 7031 7036 7024 7031 7036 7024 7031
7036 7024 7031 7036 7024 7031 7036 7024 7031 7036 7024 7031 7036 7024 7031 7036 7024 7031 7036 7024 7031 7036 7024 7031 7036 7024 7031 7036 7024 7031 7036 7024 7031 7036 7024 7031 7036 7024 7031 7036 7024 7031 7036 7024 7031 7036 7024 7031 7036 7024 7031 7036 7024 7031 7036 7024 7031 7036 7024 7031 7036 7024 7031 7036 7024 7031 7036 7024 7031 7036 7024 7031 7036 7024 7031 7036 7024 7031 7036 7024 7031
7036 7024 7031 7036 7024 7031 7036 7024 7031 7036 7024 7031 7036 7024 7031 7036 7024 7031 7036 7024 7031 7036 7024 7031 7036 7024 7031 7036 7024 7031 7036 7024 7031 7036 7024 7031 7036 7024 7031 7036 7024 7031 7036 7024 7031 7036 7024 7031 7036 7024 7031 7036 7024 7031 7036 7024 7031 7036 7024 7031 7036 7024 7031 7036 7024 7031 7036 7024 7031 7036 7024 7031 7036 7024 7031 7036 7024 7031 7036 7024 7031
7036 7024 7031 7036 7024 7031 7036 7024 7031 7036 7024 7031 7036 7024 7031 7036 7024 7031 7036 7024 7031 7036 7024 7031 7036 7024 7031 7036 7024 7031 7036 7024 7031 7036 7024 7031 7036 7024 7031 7036 7024 7031 7036 7024 7031 7036 7024 7031 7036 7024 7031 7036 7024 7031 7036 7024 7031 7036 7024 7031 7036 7024 7031 7036 7024 7031 7036 7024 7031 7036 7024 7031 7036 7024 7031 7036 7024 7031 7036 7024 7031
7036 7024 7031 7036 7024 7031 7036 7024 7031 7036 7024 7031 7036 7024 7031 7036 7024 7031 7036 7024 7031 7036 7024 7031 7036 7024 7031 7036 7024 7031 7036 7024 7031 7036 7024 7031 7036 7024 7031 1074 10016 6006 7036 7036 7036 7002 7036 7036 7036 7036 1 7036 7036 7036 7036 7036 7036 7036 7036 7036 7036 7036 7036 7036 7036 51047 50037 7036 7036 7036 7036 7036 6009 6005 6013 7036 7036 7036 7036 7036 109 13 12 153 20 27 25 18 32 6 6 98 6 6 172 55 14 16962 7036 7036 7036 7036 7036 7036 7036 7036 7036 7036 7036 6 6 6 7036 7036 7036 7036 7036 7036 7036 50036 7036 7036 7036 51046 7036 7036 7036 7036 7036 7036 7036 7036 7036 7036 7036 7036 7036 7036 10148 7036 7036 7036 7036 7036 7036 7036 7036 7036 7036 7036 7036 7036 7036 1 7036 7036 7036 7036 7001 7036 7036 4200 37 7036 6 7036 7026 7036 7036 7036 37 7036 7036 35 7036 7024 7031 7036 7024 7031 7036 7024 7031 7036 7024 7031 7036 7024 7031 7036 7024 7031 7036 7024 7031 7036 7024 7031 7036 7024 7031 7036 7024 7031 7036 7024 7031 7036 7024 7031 7036 7024 7031 1074 10016 6006 7036 7036 7036 7002 7036 7036 7036 7036 7036 1 7036 7036 7036 7036 7036 7036 7036 7036 7036 7036 7036 51047 7036 50037 7036 7036 7036 7036 7036 6009 6005 6013 7036 7036 7036 7036 7036 7036 109 13 12 153 20 27 25 18 32 6 6 98 6 6 172 55 14 16962 7036 7036 7036 7036 7036 7036 7036 7036 7036 7036 7036 6 6 6 7036 7036 7036 7036 7036 7036 50036 51046 7036 7036 7036 7036 7036 7036 7036 7036 7036 7036 7036 7036 7036 7036 7036 7036 7036 7036 7036 10148 7036 7036 7036 7036 7036 7036 7036 7036 7036 37 7036 7036 7036 7036 7036 7036 7036 7036 7001 7036 7036 1 7036 4200 7026 37 6 7036 7036 7036 37 7036 7036 7036 35
7036 7036 7024 7031 7036 7036 7036 7036 7036 7036 7036 7036 7036 7036 7036 7036 7036 7036 7036 7036 7036 7024 7031 7036 7024 7031 7036 7024 7031 7036 7036 7036 7036 7036 7036 7036 7036 7036 7023 7036 7024 7031 16 7045 7036 7036 7036 7024 7031 7036 7036 7036 7024 7031 7036 7036 7023 7036 7023 7036 7023 7036 7024 7031 7036 7024 7031 7036 7036 7036 7024 7031 7036 7024 7031 7036 7024 7031 7036 7024 7031 7036 7024 7031 7036 7036 7024 7031 7036 7036 7036 7036 7036 7036 7036 7036 7036 7036 7036 7036 7036 7024 7031 7036 7036 7036 7036 7036 7024 7031 7036 7024 7031 7036 7036 7036 7036 7036 7036 7036 7036 7036 7023 7036 7045 16 7036 7024 7031 7036 7036 7045 7036 7024 7031 7036 7036 7036 7024 7031 7036 7036 7023 7036 7023 7036 7023 7036 7024 7031 7036 7024 7031 7036 7036 7036 7024 7031 7036 7024 7031 7036 7024 7031 7036 7024 7031 7036 7024 7031
7036 7024 7031 7036 7024 7031 7036 7024 7031 7036 7024 7031 7036 7024 7031 7036 7024 7031 7036 7036 7024 7031 7036 7024 7031 7036 7024 7031 7036 7024 7031 7036 7024 7031 7036 7024 7031 7036 7024 7031 7036 7024 7031 7036 7024 7031 7036 7024 7031 7036 7024 7031 7036 7024 7031 7036 7024 7031 7036 7036 7024 7031 7036 7024 7031 7009 7000
7036 7024 7031 7036 7024 7031 7036 7024 7031 7036 7024 7031 7036 7024 7031 7036 7024 7031 7036 7024 7031 7036 7024 7031 7036 7024 7031 7036 7024 7031 7036 7024 7031 7036 7024 7031 7036 7024 7031
7036 7024 7031 7036 7024 7031 7036 7024 7031 7036 7024 7031 7036 7024 7031 7036 7024 7031 7036 7024 7031 7036 7024 7031 7036 7024 7031 7036 7024 7031 7036 7024 7031 7036 7024 7031 7036 7024 7031
7036 7024 7031 7036 7024 7031 7036 7024 7031 7036 7024 7031 7036 7024 7031 7036 7024 7031 7036 7024 7031 7036 7024 7031 7036 7024 7031 7036 7024 7031 7036 7024 7031 7036 7024 7031 7036 7024 7031
7036 7024 7031 7036 7024 7031 7036 7024 7031 7036 7024 7031 7036 7024 7031 7036 7024 7031 7036 7024 7031 7036 7024 7031 7036 7024 7031 7036 7024 7031 7036 7024 7031 7036 7024 7031 7036 7024 7031
7036 7024 7031 7036 7024 7031 7036 7024 7031 7036 7024 7031 7036 7024 7031 7036 7024 7031 7036 7024 7031 7036 7024 7031 7036 7024 7031 7036 7024 7031 7036 7024 7031 7036 7024 7031 7036 7024 7031 7036 7024 7031
6013 7036 7024 7031 7036 7024 7031 7036 7024 7031 7036 7024 7031 7036 7024 7031 7036 7024 7031 7036 7024 7031 7036 7024 7031 7036 7024 7031 7036 7024 7031 7036 7024 7031 7036 7024 7031 7036 7024 7031 6013
7036 7024 7031 7036 7024 7031 7036 7024 7031 7036 7024 7031 7036 7024 7031 7036 7024 7031 7036 7024 7031 7036 7024 7031 7036 7024 7031 7036 7024 7031 7036 7024 7031 7036 7024 7031 7036 7024 7031 7036 7024 7031
7036 7024 7031 7036 7024 7031 7036 7024 7031 7036 7024 7031 7036 7024 7031 7036 7024 7031 7036 7024 7031 7036 7024 7031 7036 7024 7031 7036 7024 7031 7036 7024 7031 7036 7024 7031 7036 7024 7031
7036 7024 7031 7036 7024 7031 7036 7024 7031 7036 7024 7031 7036 7024 7031 7036 7024 7031 7036 7024 7031 7036 7024 7031 7036 7024 7031 7036 7024 7031 7036 7024 7031 7036 7024 7031 7036 7024 7031
7036 7024 7031 7036 7024 7031 7036 7024 7031 7036 7024 7031 7036 7024 7031 7036 7024 7031 7036 7024 7031 7036 7024 7031 7036 7024 7031 7036 7024 7031 7036 7024 7031 7036 7024 7031 7036 7024 7031
7036 7024 7031 7036 7024 7031 7036 7024 7031 7036 7024 7031 7036 7024 7031 7036 7024 7031 7036 7024 7031 7036 7024 7031 7036 7024 7031 7036 7024 7031 7036 7024 7031 7036 7024 7031 7036 7024 7031 7036 7024 7031
7036 7024 7031 7036 7024 7031 7036 7024 7031 7036 7024 7031 7036 7024 7031 7036 7024 7031 7036 7024 7031 7036 7024 7031 7036 7024 7031 7036 7024 7031 7036 7024 7031 7036 7024 7031 7036 7024 7031
7036 7024 7031 7009 7000
7036 7036 7036
7036
10016 7036 10016 10016 10016
10016 7036 10016
7036 7036
7036 7036 7036 7036 7036 7036 7036 7036 7036
7036 7036 7036 7036 7036 7036 7036 7036 7036
7036 7036 7036 7036 7036 7036 7036 7036
7036 7036
7036
7036
7036 2 7036 7036 7036 7036
7036 2 7036 7036 10016 7036 7036 7002 7036 7036 7036 7036 7036 10016 7036 7036 7036 7002 7036 7036
7036 7036
7036 7036 7036 7036 7036 6006 1074 7036 7036 7036 7036 7036 7036 1 7036 7036 7036 7036 7036 7036 7036 7036 7036 7036 7036 51047 50037 7036 7036 7036 7036 6009 6005 6013 7036 7036 7036 7036 7036 7036 7036 109 13 12 153 20 27 25 18 32 6 6 98 6 6 172 55 14 16962 7036 7036 7036 7036 7036 7036 7036 7036 7036 7036 7036 6 6 6 7036 7036 7036 7036 7036 7036 50036 7036 51046 7036 7036 7036 7036 7036 7036 7036 7036 7036 7036 7036 7036 7036 7036 7036 7036 7036 7036 10148 7036 7036 7036 7036 7036 7036 7036 7036 7036 7036 7036 7036 7036 7036 1 7036 7036 7036 7036 7036 7036 4200 6 37 7036 7026 37 7036 35 7036 7036 7036 7036 7036 7036 6006 1074 7036 7036 7036 7036 7036 7036 7036 1 7036 7036 7036 7036 7036 7036 7036 7036 7036 7036 7036 7036 7036 7036 51047 50037 7036 7036 7036 7036 7036 7036 7036 7036 6009 6005 6013 7036 109 13 12 153 20 27 25 18 32 6 6 98 6 6 172 55 14 16962 7036 7036 7036 7036 7036 7036 7036 7036 7036 7036 7036 6 6 6 7036 7036 7036 7036 7036 50036 7036 7036 7036 51046 7036 7036 7036 7036 7036 7036 7036 7036 7036 7036 7036 7036 7036 7036 7036 7036 7036 10148 7036 7036 7036 7036 7036 7036 7036 7036 7036 7036 7036 7036 7036 7036 7036 4200 7036 7036 7036 7036 7036 1 6 7026 37 7036 37 35
7036 7036 7024 7031 7036 7001 7036 7036 7036 7036 7036 7036 7036 7036 7036 7036 7036 7036 7036 7036 7036 7024 7031 7036 7036 7036 7036 7024 7031 7036 7036 7036 7024 7031 7036 7036 7036 7036 7036 7036 7036 7036 7023 7036 7036 7036 7040 7045 44 7036 7036 7024 7031 43 7036 7036 7045 19 7036 7024 7031 7040 7036 7036 7036 7036 7024 7031 7036 7036 7023 7036 7023 7036 7023 7036 7024 7031 7036 7024 7031 7036 7036 7024 7031 7036 7036 7024 7031 7036 7024 7031 7036 7024 7031 7036 7036 7024 7031 7036 7001 7036 7036 7036 7036 7036 7036 7036 7036 7036 7036 7036 7036 7036 7036 7036 7024 7031 7036 7036 7036 7036 7036 7024 7031 7036 7036 7024 7031 7036 7036 7036 7036 7036 7024 7031 7036 7036 7036 7036 7036 7036 7023 7045 7036 7036 7045 7036 7024 7031 7036 7036 7036 7024 7031 7036 7036 7023 7036 7023 7036 7023 7036 7024 7031 7036 7024 7031 7036 7036 7024 7031 7036 7036 7024 7031 7036 7024 7031 7036 7024 7031
7036 7024 7031 7036 7024 7031 7036 7024 7031 7036 7024 7031 7036 7036 7024 7031 7036 7024 7031 7036 7024 7031 7036 7024 7031 7036 7024 7031 7036 7024 7031 7036 7024 7031 7036 7024 7031 7036 7024 7031 7036 7024 7031 7036 7024 7031 7036 7024 7031 7036 7024 7031 7036 7024 7031 7036 7036 7024 7031 7036 7024 7031 7036 7024 7031 7036 7024 7031 7036 7024 7031 7036 7024 7031 7036 7024 7031 7036 7024 7031 7036 7024 7031 7036 7024 7031
7036 7024 7031 7036 7024 7031 7036 7024 7031 7036 7024 7031 7036 7024 7031 7036 7024 7031 7036 7024 7031 7036 7024 7031 7036 7024 7031 7036 7024 7031 7036 7024 7031 7036 7024 7031 7036 7024 7031 7036 7024 7031 7036 7024 7031 7036 7024 7031 7036 7024 7031 7036 7024 7031 7036 7024 7031 7036 7024 7031 7036 7024 7031 7036 7024 7031 7036 7024 7031 7036 7024 7031 7036 7024 7031 7036 7024 7031 7036 7024 7031
7036 7024 7031 7036 7024 7031 7036 7024 7031 7036 7024 7031 7036 7024 7031 7036 7024 7031 7036 7024 7031 7036 7024 7031 7036 7024 7031 7036 7024 7031 7036 7024 7031 7036 7024 7031 7036 7024 7031 7036 7024 7031 7036 7024 7031 7036 7024 7031 7036 7024 7031 7036 7024 7031 7036 7024 7031 7036 7024 7031 7036 7024 7031 7036 7024 7031 7036 7024 7031 7036 7024 7031 7036 7024 7031 7036 7036 7036 7024 7031 7036
7036 7024 7031 7036 7024 7031 7036 7024 7031 7036 7024 7031 7036 7024 7031 7036 7024 7031 7036 7024 7031 7036 7024 7031 7036 7024 7031 7036 7024 7031 7036 7024 7031 7036 7024 7031 7036 7024 7031 7036 7024 7031 7036 7036 7024 7031 7036 7024 7031 7036 7024 7031 7036 7024 7031 7036 7024 7031 7036 7024 7031 7036 7024 7031 7036 7024 7031 7036 7024 7031 7036 7024 7031 7036 7024 7031 7036 7024 7031 7036 7024 7031
7036 7024 7031 7036 7024 7031 7036 7024 7031 7036 7024 7031 7036 7024 7031 7036 7024 7031 7036 7024 7031 7036 7024 7031 7036 7024 7031 7036 7024 7031 7036 7024 7031 7036 7024 7031 7024 7031 7036 7024 7031 7036 7024 7031 7036 7024 7031 7036 7024 7031 7036 7024 7031 7036 7024 7031 7036 7024 7031 7036 7024 7031 7036 7024 7031 7036 7024 7031 7036 7024 7031 7036 7024 7031 7036 7024 7031 7036
7036 7024 7031 7036 7024 7031 7036 7024 7031 7036 7024 7031 7036 7024 7031 7036 7024 7031 7036 7024 7031 7036 7024 7031 7036 7024 7031 7036 7024 7031 7036 7024 7031 7036 7024 7031 7036 7024 7031 7036 7024 7031 7036 7024 7031 7036 7024 7031 7036 7024 7031 7036 7024 7031 7036 7024 7031 7036 7024 7031 7036 7024 7031 7036 7024 7031 7036 7024 7031 7036 7024 7031 7036 7024 7031 7036 7024 7031 7036 7024 7031 7036 7024 7031
6013 7036 7024 7031 7036 7024 7031 7036 7024 7031 7036 7024 7031 7036 7024 7031 7036 7024 7031 7036 7024 7031 7036 7024 7031 7036 7024 7031 7036 7024 7031 7036 7024 7031 7036 7024 7031 6013 7036 7024 7031 7036 7024 7031 7036 7024 7031 7036 7024 7031 7036 7024 7031 7036 7024 7031 7036 7024 7031 7036 7024 7031 7036 7024 7031 7036 7024 7031 7036 7024 7031 7036 7024 7031 7036 7024 7031 7036 7024 7031
7036 7024 7031 7036 7024 7031 7036 7024 7031 7036 7024 7031 7036 7024 7031 7036 7024 7031 7036 7024 7031 7036 7024 7031 7036 7036 7036 7036 2 7036 7036 7036 7024 7031 7036 7036 7036 7024 7031 7036 7024 7031 7036 7024 7031 7036 7024 7031 7036 7024 7031 7036 7024 7031 7036 7024 7031 7036 7024 7031 7036 7024 7031 7036 7024 7031 7036 7024 7031 7036 7024 7031 7036 7024 7031 7036 7024 7031 7036 7024 7031 7036 7024 7031 7036 7024 7031 7036 7024 7031 7036 7024 7031
7036 7024 7031 7036 7024 7031 7036 7024 7031 7036 7024 7031 7036 7024 7031 7036 7024 7031 7036 7024 7031 7036 7036 7024 7031 7036 7024 7031 7036 7024 7031 7036 7024 7031 7036 7024 7031 7036 7024 7031 7036 7024 7031 7036 7024 7031 7036 7024 7031 7036 7024 7031 7036 7024 7031 7036 7024 7031 7036 7024 7031 7036 7024 7031 7036 7024 7031 7036 7024 7031 7036 7024 7031 7036 7024 7031 7036 7024 7031 7036 7024 7031
7036 7024 7031 7036 7024 7031 7036 7024 7031 7036 7024 7031 7036 7024 7031 7036 7024 7031 7036 7024 7031 7036 7024 7031 7036 7024 7031 7036 7024 7031 7036 7024 7031 7036 7024 7031 7036 7024 7031 7036 7024 7031 7036 7024 7031 7036 7024 7031 7036 7024 7031 7036 7024 7031 7036 7024 7031 7036 7024 7031 7036 7024 7031 7036 7024 7031 7036 7024 7031 7036 7024 7031 7036 7024 7031 7036 7024 7031 7036 7024 7031
7036 7024 7031 7036 7024 7031 7036 7024 7031 7036 7024 7031 7036 7024 7031 7036 7024 7031 7036 7024 7031 7036 7024 7031 7036 7024 7031 7036 7024 7031 7036 7024 7031 7036 7024 7031 7036 7024 7031 7036 7024 7031 7036 7036 7024 7031 7036 7024 7031 7036 7024 7031 7036 7024 7031 7036 7024 7031 7036 7024 7031 7036 7024 7031 7036 7024 7031 7036 7024 7031 7036 7024 7031 7036 7024 7031 7036 7024 7031 7036 7024 7031
7036 7024 7031 7036 7024 7031 7036 7024 7031 7036 7024 7031 7036 7036 7024 7031 7036 7024 7031 7036 7024 7031 7036 7024 7031 7036 7024 7031 7036 7024 7031 7036 7024 7031 7036 7024 7031 7036 7024 7031 7036 7024 7031 7036 7024 7031 7036 7024 7031 7036 7024 7031 7036 7024 7031 7036 7024 7031 7036 7024 7031 7036 7024 7031 7036 7024 7031 7036 7024 7031 7036 7024 7031 7036 7024 7031 7036 7024 7031 7036 7024 7031
7036 7024 7031 7036 7024 7031 7036 7024 7031 7036 7024 7031 7036 7024 7031 7036 7024 7031 7036 7024 7031 7036 7024 7031 7036 7024 7031 7036 7024 7031 7036 7024 7031 7036 7024 7031 7036 7024 7031 7036 7024 7031 7031 7036 7024 7031 7036 7024 7031 7036 7024 7031 7036 7024 7031 7036 7024 7031 7036 7024 7031 7036 7024 7031 7036 7024 7031 7036 7024 7031 7036 7024 7031 7036 7024 7031 7036 7024 7031 7036 7024
7036 7024 7031 7036 7024 7031 7036 7024 7031 7036 7024 7031 7036 7024 7031 7036 7024 7031 7036 7024 7031 7036 7024 7031 7036 7024 7031 7036 7024 7031 7036 7024 7031 7036 7024 7031 7036 7024 7031 7036 7024 7031 7036 7024 7031 7036 7024 7031 7036 7024 7031 7036 7024 7031 7036 7024 7031 7036 7024 7031 7036 7024 7031 7036 7024 7031 7036 7024 7031 7036 7024 7031 7036 7024 7031 7036 7024 7031 7036 7024 7031
7036 7024 7031 7036 7024 7031 7036 7024 7031 7036 7024 7031 7036 7024 7031 7036 7024 7031 7036 7024 7031 7036 7024 7031 7036 7024 7031 7036 7024 7031 7036 7024 7031 7036 7036 7024 7031 7036 7024 7031 7036 7024 7031 7036 7024 7031 7036 7024 7031 7036 7024 7031 7036 7024 7031 7036 7024 7031 7036 7024 7031 7036 7024 7031 7036 7024 7031 7036 7036 7024 7031 7036 7024 7031 7036 7024 7031 7036 7024 7031 7036 7024 7031 7036 7036 7024 7031
7036 7024 7031 7036 7036 7024 7031 7036 7024 7031 7036 7024 7031 7036 7024 7031 7036 7024 7031 7036 7024 7031 7036 7024 7031 7036 7024 7031 7036 7024 7031 7036 7024 7031 7036 7024 7031 7036 7024 7031 7036 7024 7031 7036 7024 7031 7036 7024 7031 7036 7024 7031 7036 7024 7031 7036 7024 7031 7036 7024 7031 7036 7024 7031 7036 7036 7036 2 7036 7036 7036 7024 7031 7036 7024 7031 7036 7024 7031 7036 7024 7031 7036 7024 7031
7036 7024 7031 7036 7024 7031 7036 7024 7031 7036 7024 7031 7036 7024 7031 7036 7024 7031 7036 7024 7031 7036 7024 7031 7036 7024 7031 7036 7024 7031 7036 7024 7031 10016 7036 7024 7031 7036 7024 7031 7036 7024 7031 10016 7036 7024 7031 7036 7024 7031 7036 7024 7031 7036 7024 7031 7036 7024 7031 7036 7024 7031 7036 7024 7031 7036 7024 7031 7036 7024 7031 7036 7024 7031 7036 7024 7031 10016 7036 7024 7031 7036 7024 7031 7036 7024 7031 10016
10016 7036 7024 7031 7036 7024 7031 7036 7024 7031 7036 7024 7031 7036 7024 7031 7036 7024 7031 7036 7024 7031 7036 7024 7031 7036 7024 7031 7036 7024 7031 7036 7024 7031 7036 7024 7031 7036 7024 7031 10016 7036 7024 7031 7036 7024 7031 7036 7024 7031 7036 7024 7031 7036 7024 7031 7036 7024 7031 7036 7024 7031 7036 7024 7031 7036 7024 7031 7036 7024 7031 7036 7024 7031 7036 7024 7031 7036 7024 7031
7036 7024 7031 7036 7024 7031 7036 7024 7031 7036 7024 7031 7036 7024 7031 7036 7024 7031 7036 7024 7031 7036 7024 7031 7036 7024 7031 7036 7024 7031 7036 7024 7031 7036 7024 7031 7036 7024 7031 7036 7024 7031 7036 7024 7031 7036 7024 7031 7036 7024 7031 7036 7024 7031 7036 7024 7031 7036 7024 7031 7036 7024 7031 7036 7024 7031 7036 7024 7031 7036 7024 7031 7036 7024 7031 7036 7024 7031 7036 7024 7031 7036 7024 7031
7036 7024 7031 7036 7024 7031 7036 7024 7031 7036 7024 7031 7036 7024 7031 7036 7024 7031 7036 7024 7031 7036 7024 7031 7036 7024 7031 7036 7024 7031 7036 7024 7031 7036 7024 7031 7036 7024 7031 7036 7024 7031 7036 7024 7031 7036 7024 7031 7036 7024 7031 7036 7024 7031 7036 7024 7031 7036 7024 7031 7036 7024 7031 7036 7024 7031 7036 7024 7031 7036 7024 7031 7036 7024 7031 7036 7024 7031
7036 7024 7031 7036 7024 7031 7036 7024 7031 7036 7036 7036 7036 7024 7031 7036 7036 7036 7024 7031 7036 7024 7031 7036 7024 7031 7036 7024 7031 7036 7024 7031 7036 7024 7031 7036 7024 7031 7036 7024 7031 7036 7024 7031 7036 7024 7031 7036 7024 7031 7036 7024 7031 7036 7024 7031 7036 7024 7031 7036 7024 7031 7036 7024 7031 7036 7024 7031 7036 7024 7031 7036 7024 7031 7036 7024 7031 7036 7024 7031 7036 7024 7031 7036 7024 7031 7036 7024 7031
7036 7024 7031 7036 7036 7024 7031 7036 7024 7031 7036 7024 7031 7036 7024 7031 7036 7024 7031 7036 7024 7031 7036 7024 7031 7036 7024 7031 7036 7024 7031 7036 7024 7031 7036 7024 7031 7036 7024 7031 7036 7024 7031 7036 7024 7031 7036 7024 7031 7036 7024 7031 7036 7024 7031 7036 7024 7031 7036 7024 7031 7036 7024 7031 7036 7024 7031 7036 7024 7031 7036 7024 7031 7036 7024 7031 7036 7036 7036 7036 7024 7031 7036 7036
7036 7024 7031 7036 7024 7031 7036 7024 7031 7036 7024 7031 7036 7024 7031 7036 7024 7031 7036 7024 7031 7036 7024 7031 7036 7024 7031 7036 7024 7031 7036 7024 7031 7036 7024 7031 7036 7024 7031 7036 7024 7031 7036 7024 7031 7036 7024 7031 7036 7024 7031 7036 7024 7031 7036 7024 7031 7036 7024 7031 7036 7024 7031 7036 7024 7031 7036 7024 7031 7036 7024 7031 7036 7024 7031 7036 7036 7024 7031 7036 7024 7031 7036 7024 7031
7036 7024 7031 7036 7024 7031 7036 7024 7031 7036 7024 7031 7036 7024 7031 7036 7024 7031 7036 7024 7031 7036 7024 7031 7036 7024 7031 7036 7024 7031 7036 7024 7031 7036 7024 7031 7036 7024 7031 7036 7024 7031 7036 7024 7031 7036 7024 7031 7036 7024 7031 7036 7024 7031 7036 7024 7031 7036 7024 7031 7036 7024 7031 7036 7024 7031 7036 7024 7031 7036 7024 7031 7036 7024 7031 7036 7024 7031
7036 7024 7031 7036 7024 7031 7036 7024 7031 7036 7024 7031 7036 7024 7031 7036 7024 7031 7036 7024 7031 7036 7024 7031 7036 7024 7031 7036 7024 7031 7036 7024 7031 7036 7024 7031 7036 7024 7031 7036 7024 7031 7036 7024 7031 7036 7024 7031 7036 7024 7031 7036 7024 7031 7036 7024 7031 7036 7024 7031 7036 7024 7031 7036 7024 7031 7036 7024 7031 7036 7024 7031 7036 7024 7031 7036 7024 7031 7036 7024 7031
7036 7024 7031 7036 7024 7031 7036 7024 7031 7036 7024 7031 7036 7024 7031 7036 7024 7031 7036 7024 7031 7036 7024 7031 7036 7024 7031 7036 7024 7031 7036 7024 7031 7036 7024 7031 7036 7024 7031 7036 7024 7031 7036 7024 7031 7036 7024 7031 7036 7024 7031 7036 7024 7031 7036 7024 7031 7036 7024 7031 7036 7024 7031 7036 7024 7031 7036 7024 7031 7036 7024 7031 7036 7024 7031 7036 7024 7031 7036 7024 7031
1 1 7036 7024 7031 1 1014 1 1 7036 7036 7024 7031 1 1 1 7036 7024 7031 7036 7024 7031 7036 7024 7031 7036 7024 7031 7036 7024 7031 7036 7024 7031 7036 7024 7031 7036 7024 7031 7036 7024 7031 7036 7024 7031 7036 7024 7031 7036 7024 7031 7036 7024 7031 7036 7024 7031 7036 7024 7031 7036 7024 7031 7036 7024 7031 7036 7024 7031 7036 7024 7031 7036 7024 7031 7036 7024 7031 7036 7024 7031 7036 7024 7031 7036 7024 7031 7036 7024 7031 7036 7024 7031 7036 7024 7031
7024 7031 7036 7024 7031 7036 7024 7031 7036 7024 7031 7036 7024 7031 7036 7024 7031 7036 7024 7031 7036 7024 7031 7036 7024 7031 7036 7024 7031 7036 7024 7031 7036 7024 7031 7036 7024 7031 7036 7024 7031 7036 7024 7031 7036 7024 7031 7036 7024 7031 7036 7024 7031 7036 7024 7031 7036 7024 7031 7036 7024 7031 7036 7024 7031 7036 7024 7031 7036 7024 7031 7036 7024 7031 7036 7024 7031 7036 7024 7031 7036
7036 7024 7031 7036 7036 7024 7031 7036 7024 7031 7036 7024 7031 7036 7036 7036 7040 1 7036 1 1 7036 7024 7031 7036 7036 7036 7036 7036 7024 7031 7036 7024 7031 7036 7024 7031 7036 7024 7031 7036 7036 7024 7031 7036 7024 7031 7036 7024 7031 7036 7024 7031 7036 7024 7031 7036 7024 7031 7036 7024 7031 7036 7024 7031 7036 7024 7031 7036 7024 7031 7036 7024 7031 7036 7024 7031 7036 7024 7031 7036 7024 7031 7036 7024 7031 7036 7024 7031
7036 7024 7031 7036 7024 7031 7036 7024 7031 7036 7036 7024 7031 7036 7036 7024 7031 7036 7024 7031 7036 7036 7024 7031 7036 7024 7031 7036 7024 7031 7036 7024 7031 7036 7024 7031 7036 7024 7031 7036 7024 7031 7036 7024 7031 7036 7024 7031 7036 7024 7031 7036 7024 7031 7036 7024 7031 7036 7024 7031 7036 7024 7031 7036 7024 7031 7036 7024 7031 7036 7024 7031 7036 7024 7031 7036 7024 7031 7036 7024 7031 7036 7024 7031
7036 7024 7031 7036 7024 7031 7036 7024 7031 7036 7024 7031 7036 7024 7031 7036 7024 7031 7036 7024 7031 7036 7024 7031 7036 7024 7031 7036 7024 7031 7036 7024 7031 7036 7024 7031 7036 7024 7031 7036 7024 7031 7036 7024 7031 7036 7024 7031 7036 7024 7031 7036 7024 7031 7036 7024 7031 7036 7024 7031 7036 7024 7031 7036 7024 7031 7036 7024 7031 7036 7024 7031 7036 7024 7031 7036 7024 7031 7036 7024 7031
1 1 7036 7024 7031 7036 7024 7031 7036 7024 7031 7036 7024 7031 7036 7024 7031 7036 7024 7031 7036 7024 7031 7036 7024 7031 7036 7024 7031 7036 7024 7031 7036 7024 7031 7036 7024 7031 7036 7024 7031 7036 7024 7031 7036 7024 7031 7036 7024 7031 7036 7024 7031 7036 7024 7031 7036 7024 7031 7036 7024 7031 7036 7024 7031 7036 7024 7031 7036 7024 7031 7036 7024 7031 7036 7024 7031 7036 7024 7031 7036 7024 7031 7036 7024 7031
7036 7024 7031 7036 7024 7031 7036 7024 7031 7036 7024 7031 7036 7024 7031 7036 7024 7031 7036 7024 7031 7036 7024 7031 7036 7024 7031 7036 7024 7031 7036 7024 7031 7036 7024 7031 7036 7024 7031 7036 7024 7031 7036 7024 7031 7036 7024 7031 7036 7024 7031 7036 7024 7031 7036 7024 7031 7036 7024 7031 7036 7024 7031 7036 7024 7031 7036 7024 7031 7036 7024 7031 7036 7024 7031 7036 7024 7031 7036 7024 7031
7036 7024 7031 7036 7024 7031 7036 7024 7031 7036 7024 7031 7036 7024 7031 7036 7024 7031 7036 7024 7031 7036 7024 7031 7036 7024 7031 7036 7024 7031 7036 7024 7031 7036 7024 7031 7036 7024 7031 7036 7024 7031 7036 7024 7031 7036 7024 7031 7036 7024 7031 7036 7024 7031 7036 7024 7031 7036 7024 7031 7036 7024 7031 7036 7024 7031 7036 7024 7031 7036 7024 7031 7036 7024 7031 7036 7024 7031 7036 7024 7031 7036 7024 7031
7036 7024 7031 7036 7024 7031 7036 7024 7031 7036 7024 7031 7036 7024 7031 7036 7036 7024 7031 7036 7024 7031 7036 7024 7031 7036 7024 7031 7036 7024 7031 7036 7024 7031 7036 7024 7031 7036 7024 7031 7036 7024 7031 7036 7024 7031 7036 7024 7031 7036 7024 7031 7036 7024 7031 7036 7024 7031 7036 7024 7031 7036 7024 7031 7036 7024 7031 7036 7024 7031 7036 7024 7031 7036 7024 7031 7036 7024 7031 7036 7024 7031
7036 7024 7031 7036 7024 7031 7036 7024 7031 7036 7024 7031 7036 7024 7031 7036 7024 7031 7036 7024 7031 7036 7024 7031 7036 7024 7031 7036 7024 7031 7036 7024 7031 7036 7024 7031 7036 7024 7031 7036 7024 7031 7036 7024 7031 7036 7024 7031 7036 7024 7031 7036 7024 7031 7036 7024 7031 7036 7024 7031 7036 7024 7031 7036 7024 7031 7036 7024 7031 7036 7024 7031 7036 7024 7031 7036 7024 7031 7036 7024 7031
7036 7024 7031 7036 7024 7031 7036 7024 7031 7036 7024 7031 7036 7024 7031 7036 7024 7031 7036 7024 7031 7036 7024 7031 7036 7024 7031 7036 7024 7031 7036 7024 7031 7036 7024 7031 7036 7024 7031 7036 7024 7031 7036 7024 7031 7036 7024 7031 7036 7024 7031 7036 7024 7031 7036 7024 7031 7036 7024 7031 7036 7024 7031 7036 7024 7031 7036 7024 7031 7036 7024 7031 7036 7024 7031 7036 7024 7031 7036 7024 7031 7036 7024 7031
7036 7024 7031 7036 7024 7036 7024 7031 7036 7024 7031 7036 7024 7031 7036 7024 7031 7036 7024 7031 7036 7024 7031 7036 7024 7031 7036 7024 7031 7036 7024 7031 7036 7024 7031 7036 7024 7031 7036 7024 7031 7036 7024 7031 7031 7036 7024 7031 7036 7024 7031 7036 7024 7031 7036 7024 7031 7036 7024 7031 7036 7024 7031 7036 7024 7031 7036 7024 7031 7036 7024 7031 7036 7024 7031 7036 7024 7031 7036 7024 7031
7036 7024 7031 7036 7024 7031 7036 7024 7031 7036 7024 7031 7036 7024 7031 7036 7024 7031 7036 7024 7031 7036 7024 7031 7036 7024 7031 7036 7024 7031 7036 7024 7031 7036 7024 7031 7036 7024 7031 7036 7024 7031 7036 7024 7031 7036 7024 7031 7036 7024 7031 7036 7024 7031 7036 7024 7031 7036 7024 7031 7036 7024 7031 7036 7024 7031 7036 7024 7031 7036 7024 7031 7036 7024 7031 7036 7024 7031 7036 7024 7031
7036 7024 7031 7036 7024 7031 7036 7024 7031 7036 7024 7031 7036 7024 7031 7036 7024 7031 7036 7024 7031 7036 7024 7031 7036 7024 7031 7036 7024 7031 7036 7024 7031 7036 7024 7031 7036 7024 7031 7036 7024 7031 7036 7024 7031 7036 7024 7031 7036 7024 7031 7036 7024 7031 7036 7024 7031 7036 7024 7031 7036 7024 7031 7036 7024 7031 7036 7024 7031 7036 7024 7031 7036 7024 7031 7036 7024 7031 7036 7024 7031
7036 7024 7031 7036 7024 7031 7036 7024 7031 7036 7024 7031 7036 7024 7031 7036 7024 7031 7036 7024 7031 7036 7024 7031 7036 7024 7031 7036 7024 7031 7036 7024 7031 7036 7024 7031 7036 7024 7031 7036 7024 7031 7036 7024 7031 7036 7024 7031 7036 7024 7031 7036 7024 7031 7036 7024 7031 7036 7024 7031 7036 7024 7031 7036 7024 7031 7036 7024 7031 7036 7024 7031 7036 7024 7031 7036 7024 7031 7036 7024 7031
7036 7024 7031 7036 7024 7031 7036 7024 7031 7036 7036 7036 7024 7031 7036 7024 7031 7036 7024 7031 7036 7024 7031 7036 7024 7031 7036 7024 7031 7036 7024 7031 7036 7024 7031 7036 7024 7031 7036 7024 7031 7036 7024 7031 7036 7024 7031 7036 7024 7031 7036 7024 7031 7036 7024 7031 7036 7024 7031 7036 7024 7031 7036 7024 7031 7036 7024 7031 7036 7024 7031 7036 7024 7031 7036 7024 7031 7036 7024 7031 7036 7024 7031
7036 7024 7031 7036 7024 7031 7036 7024 7031 7036 7024 7031 7036 7024 7031 7036 7024 7031 7036 7024 7031 7036 7024 7031 7036 7024 7031 7036 7024 7031 7036 7024 7031 7036 7024 7031 7036 7024 7031 7036 7024 7031 7036 7024 7031 7036 7024 7031 7036 7024 7031 7036 7024 7031 7036 7024 7031 7036 7024 7031 7036 7024 7031 7036 7024 7031 7036 7024 7031 7036 7024 7031 7036 7024 7031 7036 7024 7031 7036 7024 7031
7036 7024 7031 7036 7024 7031 7036 7024 7031 7036 7024 7031 7036 7024 7031 7036 7024 7031 7036 7024 7031 7036 7024 7031 7036 7024 7031 7036 7024 7031 7036 7024 7031 7036 7024 7031 7036 7024 7031 7036 7024 7031 7036 7024 7031 7036 7024 7031 7036 7024 7031 7036 7024 7031 7036 7024 7031 7036 7024 7031 7036 7024 7031 7036 7024 7031 7036 7024 7031 7036 7024 7031 7036 7024 7031 7036 7024 7031 7036 7024 7031 7036 7024 7031
7036 7024 7031 7036 7024 7031 7036 7024 7031 7036 7024 7031 7036 7036 7036 7036 7036 7036 7036 7024 7031 7036 7036 7024 7031 7036 7024 7031 7036 7024 7031 7036 7024 7031 7036 7024 7031 7036 7024 7031 7036 7024 7031 7036 7024 7031 7036 7024 7031 7036 7024 7031 7036 7024 7031 7036 7024 7031 7036 7024 7031 7036 7024 7031 7036 7024 7031 7036 7024 7031 7036 7024 7031 7036 7024 7031 7036 7024 7031 7036 7024 7031 7036 7024 7031 7036 7024 7031 7036 7024 7031
7036 7024 7031 7036 7024 7031 7036 7024 7031 7036 7036 7024 7031 7036 7024 7031 7036 7024 7031 7036 7024 7031 7036 7024 7031 7036 7024 7031 7036 7024 7031 7036 7024 7031 7036 7024 7031 7036 7024 7031 7036 7024 7031 7036 7024 7031 7036 7024 7031 7036 7024 7031 7036 7024 7031 7036 7024 7031 7036 7024 7031 7036 7024 7031 7036 7024 7031 7036 7024 7031 7036 7024 7031 7036 7024 7031 7036 7024 7031 7036 7024 7031
7036 7024 7031 7036 7024 7031 7036 7024 7031 7036 7024 7031 7036 7024 7031 7036 7024 7031 7036 7024 7031 7036 7024 7031 7036 7024 7031 7036 7024 7031 1074 10016 7036 7036 7002 7036 7036 7036 7036 7036 7036 7036 7036 1 7036 7036 7036 7036 7036 7036 7036 7036 7036 7036 6006 7036 7036 7036 7036 51047 50037 7036 7036 7036 6009 6005 6013 7036 7036 7036 7036 7036 7036 109 13 12 153 20 27 25 18 32 6 6 98 6 6 172 55 14 16962 7036 7036 7036 7036 7036 7036 7036 7036 7036 7036 7036 6 6 6 7036 7036 7036 7036 50036 7036 7036 51046 7036 7036 7036 7036 7036 7036 7036 7036 7036 7036 7036 7036 7036 7036 7036 7036 7036 7036 7036 10148 7036 7036 7036 7036 7036 7036 7036 7036 7036 7036 7036 37 7036 7036 7036 7036 4200 7001 7036 7036 7036 1 37 6 7036 7036 7026 7036 7036 37 7036 7036 35 7036 7036 7024 7031 7036 7036 7036 7036 7036 7036 7036 7036 7036 7036 7036 7036 7036 7024 7031 7036 7036 7036 7036 7036 7024 7031 7036 7036 7036 7036 7036 7001 7036 7036 7036 4200 7036 1 7009 7000 7036 6 7036 7036 7026 7036 7036 7036 7036 7036 7036 7036 7036 7036 7036 7036 7036 7036 7036 7036 7024 7031 7036 7024 7031 7036 7024 7031 7036 7024 7031 7036 7024 7031 7036 7024 7031 7036 7024 7031 7036 7024 7031 7036 7024 7031 1074 10016 7036 7036 7036 7036 7036 7036 7002 7036 7036 7036 7036 7036 7036 7036 7036 7036 7036 7036 7036 7036 7036 7036 6006 7036 7036 7036 51047 50037 7036 7036 7036 7036 6009 6005 6013 7036 7036 7036 7036 7036 109 13 12 153 20 27 25 18 32 6 6 98 6 6 172 55 14 16962 7036 7036 7036 7036 7036 7036 7036 7036 7036 7036 7036 6 6 6 7036 7036 7036 7036 7036 7036 7036 7036 50036 51046 7036 7036 7036 7036 7036 7036 7036 7036 7036 7036 7036 7036 7036 7036 7036 7036 7036 7036 7036 7036 7036 7036 7036 7036 7036 10148
7036 7024 7031 7036 7036 7036 7036 7036 7036 7036 7036 7023 7045 7036 7036 7024 7031 7036 7024 7031 7036 7036 7024 7031 7036 7036 7023 7036 7023 7036 7023 7036 7024 7031 7036 7024 7031 7036 7036 7036 7024 7031 7036 7024 7031 7036 7024 7031 7036 7024 7031 7036 7024 7031 7036 7024 7031 7036 7024 7031 7036 7036 7036 7036 2 7036 7036 7036 7036 7036 7036 7036 7036 7023 7036 7045 7036 7036 7036 7036 7040 44 43 7036 7040 7036 7036 7036 7036 7023 7036 7023 7036 7023 19 7036 7045 7036 7036
7036 7024 7031 7036 7036 7024 7031 7036 7024 7031 7036 7024 7031 7036 7024 7031 7036 7024 7031 7036 7024 7031 7036 7024 7031 7036 7024 7031 7036 7024 7031 7036 7024 7031 7036 7024 7031 7036 7024 7031 7036 7036 7036 7036 7036 7036 7036 7036 7036 7036 7036 7036
7036 7024 7031 7036 7024 7031 7036 7024 7031 7036 7024 7031 7036 7024 7031 7036 7024 7031 7036 7024 7031 7036 7024 7031 7036 7024 7031 7036 7024 7031 7036 7024 7031 7036 7024 7031 7036 7024 7031 7036 7024 7031
7036 7024 7031 7036 7024 7031 7036 7024 7031 7036 7024 7031 7036 7024 7031 7036 7024 7031 7036 7024 7031 7036 7024 7031 7036 7024 7031 7036 7024 7031 7036 7024 7031 7036 7024 7031 7036 7024 7031 7036
7036 7024 7031 7036 7024 7031 7036 7024 7031 7036 7024 7031 7036 7024 7031 7036 7024 7031 7036 7024 7031 7036 7024 7031 7036 7024 7031 7036 7024 7031 7036 7024 7031 7036 7024 7031 7036 7024 7031 7036
1 1 7036 7036 7036 7036 7036 7036 7036 7036 7036 7024 7031 7036 7024 7031 7036 7024 7031 7036 7024 7031 7036 7024 7031 7036 7024 7031 7036 7024 7031 7036 7024 7031 7036 7024 7031 7036 7024 7031 7036 7024 7031 7036 7024 7031 7036 7024 7031
7036 7024 7031 7036 7024 7031 7036 7024 7031 7036 7024 7031 7036 7024 7031 7036 7024 7031 7036 7024 7031 7036 7024 7031 7036 7024 7031 7036 7024 7031 7036 7024 7031 7036 7024 7031 7036 7024 7031 7036 7024 7031
6013 7036 7024 7031 7036 7024 7031 7036 7024 7031 7036 7024 7031 7036 7024 7031 7036 7024 7031 7036 7024 7031 7036 7024 7031 7036 7024 7031 7036 7024 7031 7036 7024 7031 7036 7024 7031 7036 7024 7031
7036 7024 7031 7036 7024 7031 7036 7024 7031 7036 7024 7031 7036 7024 7031 7036 7024 7031 7036 7024 7031 7036 7024 7031 7036 7024 7031 7036 7024 7031 7036 7024 7031 7036 7024 7031 7036 7024 7031 7036 7024 7031 7036 6013
7036 7024 7031 7036 7024 7031 7036 7024 7031 7036 7024 7031 7036 7024 7031 7036 7024 7031 7036 7024 7031 7036 7024 7031 7036 7024 7031 7036 7024 7031 7036 7024 7031 7036 7024 7031 7036 7024 7031 6013 7036 7036
7036 7024 7031 7036 7024 7031 7036 7024 7031 7036 7024 7031 7036 7024 7031 7036 7024 7031 7036 7024 7031 7036 7024 7031 7036 7024 7031 7036 7024 7031 7036 7024 7031 7036 7024 7031 7036 7024 7031 7036
7036 7024 7031 7036 7024 7031 7036 7024 7031 7036 7024 7031 7036 7024 7031 7036 7024 7031 7036 7024 7031 7036 7024 7031 7036 7024 7031 7036 7024 7031 7036 7024 7031 7036 7024 7031 7036 7024 7031 7036 7024 7031
7036 7024 7031 7036 7024 7031 7036 7024 7031 7036 7024 7031 7036 7024 7031 7036 7024 7031 7036 7024 7031 7036 7024 7031 7036 7024 7031 7036 7024 7031 7036 7024 7031 7036 7024 7031 7036 7024 7031
7036 7024 7031 7036 7024 7031 7036 7036 7036 7024 7031 7036 7024 7031 7036 7024 7031 7036 7024 7031 7036 7036 7024 7031 7036 7024 7031 7036 7024 7031 7036 7024 7031 7036 7024 7031 7036 7024 7031 7036 7024 7031
7036 7024 7031 7036 7024 7031 7036 7036 7024 7031 7036 7024 7031 7036 7024 7031 7036 7024 7031 7036 7024 7031 7036 7024 7031 7036 7024 7031 7036 7024 7031 7036 7024 7031 7036 7024 7031 7036 7024 7031 7036 7024 7031
7036 7024 7031 7036 7024 7031 7036 7024 7031 7036 7024 7031 7036 7024 7031 7036 7024 7031 7036 7024 7031 7036 7024 7031 7036 7024 7031 7036 7024 7031 7036 7036 7024 7031 7036 7024 7031 7036 7024 7031 7036 7036
7036 7024 7031 7036 7024 7031 7036 7036 7024 7031 7036 7024 7031 7036 7024 7031 7036 7024 7031 7036 7024 7031 7036 7024 7031 7036 7024 7031 7036 7024 7031 7036 7024 7031 7036 7024 7031 7036 7024 7031 7036 7036 7036 7036
