2001330
2001330
2001330
2027757 2027757 2027757 2027757 2027757 2027757 2027757 2027757 2043259 2043259 2043259
2001972 2011716
2001972 2001972
2011716 2010935 2001219
2100366 2100366 2100366 2100366 2100366 2100366 2100366 2100366 2100366 2100366 2100366 2100366 2100366 2100366 2100366 2100366 2100366 2100366 2100366 2100366 2100366 2100366 2100366 2100366 2100366 2100366 2100368 2100366 2100368 2100366 2100366 2100366 2100366 2100366 2100366 2100366 2100366 2100366 2100366 2100366 2100366 2100366 2100366 2100366 2100366 2100366 2100366 2100366 2100366 2100366 2100366 2100366 2100366 2100366 2011716 2100366 2100366 2100366 2100366 2100366 2100366 2100366 2100366 2100366 2100366
2011716 2010937
2011716
2010935 2001972 2010935
2011716 2400000
2403356 2011716
2011716 2001219 2400000
2001972 2001972
2011716 2001972
2011716 2010937
2011716 2010935
2011716 2001972 2001972 2001972
2011716
2011716
2010937 2010937 2011716 2101616
2010937 2011716 2010937
2001972 2001972 2001972 2001972 2001972 2001972
2010937 2010937 2011716
2101616
2010937 2010937
2001219 2101411
2010937 2010937
2010937 2011716 2010937
2010937
2101411 2400020
2008578 2011716 2010937
2010937 2011716
2011716
2011716
2010937 2010937 2011716
2011716 2001219
2001972 2001972 2010937 2001972 2001972
2010937 2010937
2001972 2001972
2001972 2010937 2001972 2010937 2011716
2010937 2010937
2010935 2011716 2010935 2001972
2010937 2010937
2010937
2010937
2001972 2403356 2011716
2019102
2100366 2100368 2100366 2100366 2100366 2100368 2100366 2100366 2100366 2100366 2100366 2100368 2100366 2100366 2100368 2100366 2100366 2100366 2100366 2100366 2100366 2100366 2100366 2100368 2100366 2100366 2100366 2100366 2100366 2100366 2100366 2100366 2100366 2100366 2100366 2100366 2100366 2100366 2100366 2100366 2100366 2100366 2100366 2100366 2100366 2100366 2100366 2100366 2100366 2100366 2100366 2100366 2100366 2100366 2100366 2100368 2100366 2100368 2100366 2100366 2100366 2100366 2100366 2100368 2100366 2100368 2100366 2100366 2100366 2100368 2100366 2100368 2100366 2100366 2100366 2100368 2100366 2100368 2008578 2011716 2100366 2100366 2100366 2100368 2100366 2100368 2100366 2100366 2100366 2100368 2100366 2100368 2100366 2100366 2100366 2100368 2100366 2100368 2001972 2100366 2100366 2100366 2100368 2100366 2100368 2100366 2100366
2010935 2101616 2400021
2001219 2001219 2001219 2001219 2001219
2010937 2010937
2010937 2019102
2010937 2001972 2001972 2011716 2010937 2001972 2001972 2001972
2001972
2001972
2025822 2001972 2001972 2010937 2001972 2001972 2001972 2011716
2001219
2010937
2001219
2010937
2010937
2010937
2001972 2001972 2001972 2001972 2001219
2010937
2001972 2001972
2010937 2010937
2100366 2100366 2100366 2100368 2100366 2100366 2100366 2100366 2100366 2100366 2100366 2100368 2100366 2100366 2100366 2100366 2100366 2100366 2100366 2100368 2100366 2100366 2100366 2100366 2100366 2100366 2100366 2100368 2100366 2100366 2100366 2100366 2100366 2100366 2100366 2100368 2100366 2100366 2100366 2100366 2100366 2100366 2100366 2100368 2100366 2100366 2100366 2100366 2100366 2100366 2100368 2100366 2100366 2100366 2100366 2100368 2100366 2100366 2100366 2100366 2010935 2010935 2001972 2010935
2010937 2010937 2008578 2011716 2403356
2008578 2011716
2001219
2101411
2010937 2008578 2011716
2001219 2002910
2001219
2403356 2008578 2011716
2100366 2100368 2100369 2100373 2010937
2010937 2010937 2011716
2011716 2001219
2001219 2010937 2010935
2010937
2100366 2100368 2100369 2100373 2010937
2010937
2010937
2010937
2001972 2001972 2001972 2001972 2001972
2101616
2010937 2011716
2010937 2010939
2010937
2008578 2011716
2010937 2008578 2011716
2011716
2001972
2010937
2001972
2011716 2001219
2011716
2008578 2011716 2403356
2011716
2101411
2008578 2011716 2001219 2400021
2011716
2010936
2001219
2010937
2008578 2011716
2001972 2011716 2001972
2010937 2010937
2019102
2010937
2010937 2008578 2011716
2010937 2011716 2010937
2019102
2010937 2010937 2011716
2010937
2011716 2010937
2011716
2001219
2001972
2011716 2010937 2010937
2001972 2001972 2010935
2011716
2010939
2010935 2001972 2527009 2011716 2010935
2011716
2010937 2010937 2011716 2101616 2001972 2001972
2011716
2001219
2010937 2011716
2010935 2010935 2001972
2101411 2010935 2010935 2010935 2010935 2010935
2001219 2025822 2010937 2011716
2001219
2001219
2010937 2011716
2011716 2011716 2010935 2001972
2010939 2010937
2001972
2101616
2011716 2100366 2100366 2100366 2100366 2100366 2100368 2100366 2100368 2100366 2100366 2100366 2100366 2100366 2100366 2100366 2100366 2100366 2100366 2100366 2100366 2100366 2100366 2100366 2100366 2100366 2100366 2100366 2100366 2100366 2100366 2100366 2100366 2100366 2100366 2100366 2100366 2100366 2100366 2100366 2100366 2100366 2100366 2100366 2100366 2100366 2100366 2100366 2100366 2100366 2100366
2403383 2522698 2008578 2011716
2011716
2011716
2011716 2010937 2010937 2001219
2011716 2010935
2011716
2010937 2010937 2011716
2010937 2010937
2010937
2011716
2010937 2010937
2010937 2010937 2008578 2011716 2001219
2010937 2008578 2011716
2001219
2001972
2010937 2010937 2002911
2101411
2001219
2010935
2400000
2010937 2010937 2011716
2011716
2010937
2010937 2011716
2011716
2101616
2001972 2001972
2010937 2403356 2008578 2011716
2100366 2100368 2100366 2100366 2100366 2100366 2100368 2100366 2100366 2100366 2100366 2100366 2100366 2100366 2100366 2100366 2100366 2100366 2100366 2100368 2100368 2100366 2100368 2100366 2100366 2100368 2100366 2100368 2100366 2100366 2100366 2100368 2100368 2100366 2100366 2100366 2100366 2100368 2100366 2100368 2100366 2100366 2100368 2100366 2100366 2100368 2100366 2100366 2100368 2100366 2100366 2100368 2100366 2100366 2100366 2100366 2100366 2100366 2100366 2100366 2100366 2100368 2100366 2100368 2100366 2100366 2100366 2100366 2100366 2100366 2100368 2100368 2100366 2100366 2100366 2100366 2100366 2100366 2100366 2100366 2100366 2100368 2100366 2100366 2100368 2100366 2100366 2100366 2100366 2100366 2100366 2100366 2100368 2100366 2100366 2100368 2100368 2100366 2100366 2100366 2100368
2010937
2010937
2010937 2011716 2023640 2023640 2023640 2023640
2010935 2010935 2010935 2010935 2008578 2011716
2011716
2101616
2010937
2010937
2010937
2010937
2010937 2011716
2010937 2011716 2010937
2010935 2010935
2001219
2001219
2010937 2010937
2010937
2010937
2010935 2008578 2011716 2010935
2010937
2010937 2008578 2011716
2001972
2010937
2001219
2010937 2011716 2010937 2101411
2010935
2011716
2101411
2001219
2100366 2100366 2100366 2100366 2100366 2100366 2100366 2100366 2100366 2100366 2100366 2100366 2100366 2100366 2100366 2100366 2100366 2100366 2100366 2100366 2100366 2100366 2100366 2100366 2100366 2100366 2100366 2100366 2100366 2100366 2100366 2100366 2100366 2100366 2100366 2100366 2100366 2100366 2100366 2100366 2100366 2100366 2100368 2100366 2100368 2100366 2100368 2100366 2100368 2100366 2100368 2100366 2100368 2100366 2100368 2100366 2100368 2100366 2100368 2100366 2100368 2100366 2100366 2100366 2100368 2100366 2100368 2100366 2100368
2010935 2010935 2010935
2001972
2010937 2008578 2011716 2011716
2010937 2008578 2011716 2008578 2011716 2010937
2010937 2011716
2010937 2010937 2011716 2011716
2010939 2011716 2010937
2010935 2001972 2001972 2010935 2001972 2001972 2001972
2010935
2008578 2011716
2400008
2016149 2016149 2016149 2016149 2016149 2016149 2016149
2016149 2016149 2016149 2016149 2016149 2016149 2016149 2016149 2016149 2016149 2016149 2016149 2016149 2016149 2016149 2016149 2016149 2016149 2016149 2016149 2016149 2016149 2016149 2016149 2016149 2016149 2016149 2016149 2016149 2016149 2016149 2016149 2016149 2016149
