2001330
2049326 2049326 2049326
2001972 2001972 2001972 2001972 2008578 2011716
2001972 2101411 2001219
2001972 2001219 2010939 2011716
2010935 2010937
2101616 2010937 2010939
2010935 2001972 2011716
2010935 2008578 2011716 2001972
2010935 2010939 2010937
2010935 2008578 2011716 2010935 2403383 2010937 2400000 2400000 2008578 2011716 2101411 2010935
2001972 2001972 2001972 2010939 2400021 2001972
2010939 2010935 2400000 2101411 2008578 2011716
2001972
2001972 2001972 2001972 2001972 2001972 2001972 2001972 2001972 2001972 2001972 2001972
2101616 2101411 2101411
2001972 2001972 2001972 2400000 2001972 2101411 2008578 2011716
2010935
2010935 2001972
2010935 2010939 2008578 2011716
2011716
2001972
2010939
2101411 2101616 2522698
2010935 2001972
2011716 2001972
2010937
2010939 2011716 2010937
2010935
2010935
2403397 2010935 2010939 2001972 2011716 2001972
2010939
2101616 2010937 2001972 2010935 2011716
2101411
2010939 2101411 2011716
2010935 2010939 2001972 2011716 2001972
2010935 2010937
2102466 2102465 2010935 2400000 2010935 2010937
2010937 2002911
2008578 2011716
2008578 2011716 2101411
2101411 2010937 2008578 2011716
2101411 2010935 2011716
2010937 2101411 2008578 2011716
2010937
2101411 2008578 2011716 2010935
2101411 2011716
2010935 2010937
2010939
2101411
2010935 2010935 2101411 2010939 2011716
2001219
2101411 2001972 2010937
2011716 2001972 2010937 2001972 2010935 2011716 2010935
2010935
2010937 2010939
2010937 2010935
2001972 2001972 2008578 2011716 2001972
2102465 2102466 1618009 2001219
2010939
2010935 2010937 2001219 2010937 2008578 2011716 2010939
2101411
2001219 2001219 2001219 2001219 2001219 2001219
2010935
2010935 2400021
2010939
2010937 2010939
2011716
2010937 2010939
2001972 2001972 2010937 2001972
2010939
2001972 2001972
2001219
2010939
2101411 2010937
2101411 2010935 2010935
2001972 2001972 2001972 2001972 2010935 2101616
2001972
2001972
2010935 2101411 2101411 2010937 2010935 2010939
2008578 2101411 2011716 2010937 2010935 2010935 2010935 2010935 2010935 2001972 2008578 2011716
2010937
2010935 2001219 2008578 2011716
2101411 2010935 2001972 2010937 2001972 2001972
2010937 2010939 2101411 2010935
2001219 2403395
2001972 2008578 2011716
2010939 2010935 2010935 2010937
2010935
2101411 2002911 2010937 2025822 2010935
2101411 2101411 2101411 2010935
2001972 2001972
2010937 2010935
2008578
2101411 2010935 2001219 2010935
2010939
2101411
2011716
2010939
2101411 2102465 2102466
2010937 2010935
2001972 2010937
2010935 2008578 2011716 2001219
2001972 2010939
2001972 2010935 2011716
2010935
2010936
2010939 2011716
2001219 2010937 2101616 2010937 2023640 2023640 2023640 2023640
2010937
2400021
2010937 2001219
2010935
2001972 2010939
2010937
2010935 2001972
2101616
2101616 2010935
2010937 2010939 2001972
2010939 2001219
2403385
2010939
2010939
2101411
2010935
2010935 2001219
2001972 2001972 2001972 2001972 2101411 2001972 2001972 2001972
2010935 2001972 2001972 2001972 2001972 2001972 2010937
2101411
2011716 2001972
2010937
2010939 2001972 2001972
2010939
2101411
2101411
2008578 2011716
2001972 2011716
2001219
2010935
2100366 2100368 2100369 2100373 2101411 2011716
2010935 2008578
2001219 2010935
2101411 2010937
2101411
2010939 2001972 2001972 2001972
2010935
2010937 2010937
2101411 2010935
2010935 2001972 2008578 2011716
2010937
2522698 2008578 2011716
2010937 2010935 2008578 2011716
2010939
2002911 2010935
2001972
2010935
2102466 2102465 2010937 2522698 2522698
2010935 2010935 2010937 2403383 2011716
2010935 2001972
2101411
2101411
2010939 2010937 2101411
2101411 2001219
2101616 2001972 2011716
2001972 2001972
2010935 2010935
2001972 2010935 2008578
2101411
2010937 2010939 2101411
2101411 2101411
2101411 2010937
2010935
2010935 2001219 2010937
2101411 2010935
2010937 2011716
2010939 2010937 2010935
2010937 2010935 2010939
2010939 2010935 2010937
2101411 2010939
2010935 2010937 2101411 2101411
2101411 2010935
2010939 2010935 2010937
2010937 2001972
2100366 2100366 2100366 2100368 2100368 2100366 2100366 2100366 2100366 2100366 2100366 2100368 2100366 2100368 2100366 2100366 2100366 2100366 2100366 2100366 2100366 2100366 2100368 2100366 2100366 2100366 2100366 2100368 2100366 2100368 2100366 2100368 2100366 2100366 2100366 2100368 2100368 2100366 2100366 2100366 2100366 2100366 2100366 2100366 2100368 2100366 2100366 2100366 2100368 2100366 2100366 2100368 2100366 2100366 2100366 2100366 2100368 2100368 2100366 2100366 2100366 2100368 2100366 2100366 2100366 2100366 2100366 2100366 2100368 2100366 2100366 2100368 2100366 2100368 2100366 2100366 2100366 2100366 2100366 2100366 2100368 2100366 2100366 2100366 2100366 2100366 2100368 2100366 2100368 2100366 2100366 2100366 2100366 2100366 2100366 2100368 2100366 2100368 2100366 2100366 2100368 2100368 2100366 2100366 2100366 2100366 2100366 2100366 2100368 2100368 2100368 2100366 2100366 2100366 2100368 2100366 2100366 2100368 2100368 2100366 2100366 2100366 2100368 2100368 2100366 2100366 2100368 2100366 2100366 2100368 2100366 2100366 2100366 2100368 2100366 2100366 2100366 2100368 2100366 2100368 2100366 2100368 2100366 2100368 2100366 2100366 2100368 2100368 2100366 2100366 2100366 2100366 2100366 2100366 2100368 2100368 2100366 2100366 2100368 2100366 2100366 2100366 2100368 2100366 2100366 2100368 2100366 2100366 2100366 2100368 2100368 2100366 2100366 2100366 2100366 2100368 2100366 2100366 2100366 2100366 2100368 2100368 2100366 2100368 2100366 2100366 2100366 2100366 2100366 2100366 2100366 2100368 2100366 2100368 2100368 2100368 2100366 2100366 2100366 2100366 2100368 2100368 2100366 2100366 2100366 2100368 2100366 2100366 2100368 2100366 2100366 2100366 2100366 2100368 2100366 2100368 2100366 2100368 2100366 2100368 2100366 2100368 2100366 2100366 2100366 2100368 2100366 2100368 2100366 2100366 2100368 2100366 2100366 2100366 2100368 2100366 2100368 2100366 2100366 2100366 2100368 2100366 2100368 2100366 2100366 2100368 2100368 2100366 2100366 2100368 2100366 2100368 2100366 2100366 2100368 2100366 2100366 2100366 2100368 2100366 2100368 2100366 2100368 2100366 2100366 2100368 2100366 2100366 2100366 2100366 2100368 2100366 2100366 2100368 2100366 2100366 2100368 2100366 2100366 2100368 2100366 2100368 2100366 2100366 2100366 2100368 2100366 2100366 2100366 2100368 2100366 2100366 2100366 2100368 2100366 2100366 2100368 2100366 2100366 2100368 2100366 2100366 2100368 2100366 2100366 2010935 2100368 2100366 2100366 2100368 2100366 2100366 2100368 2100366 2100366 2100368 2100366
2001972 2001972 2101411
2010939 2001972 2001972 2101411
2001972 2010935 2008578 2011716
2010939
2011716 2010935 2010935
2101411
2001972 2008578 2011716 2102465 2102466 1618009
2010939 2001219
2001219
2101411
2101616 2010937 2010937 2010935
2010939 2010937
2010937 2008578 2011716 2010935 2010939 2010937 2008578 2011716
2001972 2001972 2008578
2010939
2101411
2010935
2001972
2010935
2010939 2010937
2010939 2010935 2001219 2010935 2010935 2010935 2010935 2010935 2011716 2010935 2001972
2101411 2010935 2001972 2101616
2023640 2023640 2010935 2023640 2023640 2010935 2010935 2527009 2010939
2010939 2010937
2010935
2010935 2010937
2010935
2010937
2010937 2010936
2010937 2001972 2008578 2011716
2101616 2010935
2011716 2001972 2001972 2001972 2010935 2001972 2001972 2010935 2010935
2101411
2001972
2001972
2010939
2101411 2101411
2001972
2010937
2010939 2008578 2011716
2010937 2008578 2011716
2010937 2011716
2010935 2010939 2010935 2100366 2100366 2010935 2100366 2100366 2100366 2100366 2100366 2100366 2100366 2100368 2100366 2100368 2100366 2100366 2010935 2100366 2100366 2100366 2100366 2100366 2100366 2100366 2100366 2100366 2100366 2100366 2100366 2100368 2100366 2100368 2100366 2100368 2100366 2100366 2100368 2100366 2100366 2100366 2100368 2100366 2100366 2100366 2100366 2100366 2100366 2100366 2100366 2100366 2100366 2100366 2100366 2100366
2101411
2100366 2100366 2100366 2100368 2100366 2100366 2100368 2100366 2100366 2100366 2100366 2100366 2100366 2100366 2100366 2100366 2100366 2100366 2100366 2100368 2100366 2100366 2100366 2100366 2100368 2100366 2100366 2100368 2100366 2100366 2100366 2100366 2100366 2100366 2100366 2100366 2100366 2100368 2100366 2100366 2100366 2100368 2100368 2100366 2100366 2100366 2100368 2100366 2100366 2100368 2100366 2100366 2100366 2100366 2100366 2100366 2100366 2100366 2100366 2100366 2100366 2100368 2100366 2100366 2100366 2100366 2100366 2100366 2100366 2100368 2100366 2100366 2100366 2100366 2100366 2100366 2100366 2100366 2100368 2100366 2100366 2100366 2100366 2100366 2100366 2100366 2100366 2100366 2100366 2100366 2100366 2100366 2100366 2100366 2100366 2100368 2100366 2100366 2100366 2100366 2100366 2100366 2100366 2100368 2100366 2100366 2100368 2100366 2100366 2100366 2100366 2100366 2100366 2100368 2100368 2100366 2100366 2100366 2100366 2100366 2100366 2100368 2100366 2100368 2100366 2100368 2100366 2100368 2100366 2100366 2100366 2100368 2100366 2100368 2100366 2100366 2100366 2100368 2100366 2100366 2100366 2100368 2100366 2100366 2100366 2100368 2100366 2100366 2100366 2100368 2100366 2100366 2100366 2100368 2100366 2100366 2100366 2100368 2100366 2100366 2100366 2100366 2100366 2100366 2100368 2100366 2100368 2100366 2100366 2100366 2100366 2100366 2100366 2100366 2100366 2100368 2100366 2100366 2100366 2100366 2100368 2100366 2100366 2100366 2100366 2100368 2100366 2100366 2100368 2100366 2100366 2100366 2100366 2100366 2100366 2100366 2100368 2100366 2100366 2100366 2100366 2100366 2100368 2100366 2100366 2100366 2100368 2100366 2100366 2100366 2100368 2100366 2100366 2100366 2100366 2100366 2100366 2100368 2001972
2010939 2010937 2011716
2011716 2101411
2010935 2001219 2011716
2010935 2010935 2010939 2101411
2010939 2101411 2001972 2010937 2010935
2010937 2001219 2010937
2010935
2010935 2001972
2010937 2010935
2403385 2001972 2011716 2010937
2001972
2101411 2010935 2101411 2010935 2010939 2001972 2101411
2101411 2010935 2010939 2101616
2101411
2010935 2010937
2010935 2008578
2002911
2001972
2010937 2101411 2101411 2001972 2001972 2001972 2010937
2100366 2100368 2100369 2100373 2100366 2100368 2100369 2100373 2010939
2010935 2010935 2010935 2010935 2010935 2010935 2010935
2010935
2010937 2010935 2522698 2010939
2023640 2023640 2023640 2023640 2025822
2010937 2001972 2010935 2008578 2011716 2010935
2010937 2010939
2102466 1618009 2101411 2001972 2001972 2102465 2008578 2011716
2001972 2010937
2010939 2101616
2001219
2001972
2101411
2010935
2010937 2101411
2102465 2102466 1618009
2010935
2522698
2010937 2010938 2010937
2010939
2010939
2101411
2001972 2010937 2010935 2011716
2001972 2010935 2023640 2023640 2023640 2023640 2008578 2011716 2101411
2010935 2010935 2010937 2010937 2008578 2011716 2101411 2010935 2008578 2011716 2010935
2010935 2102465 2102466 1618009
2002911
2010935
2010935 2101411 2011716
2010939 2010935
2010937
2010939
2010939
2010937 2101411 2100366 2100366 2100368 2100366 2100366 2100368 2100366 2100366 2100368 2100366 2100368 2100366 2100368 2100366 2100368 2100366 2100366 2100368 2100366 2100366 2100366 2100366 2100366 2100366 2100366 2100366 2100366 2100366 2100366 2100366 2100366 2100366 2100366 2100366 2100366 2100366 2100366 2100366 2100366 2100366 2100366
2010936
2001972 2010937 2001972
2010935 2010937
2010935
2101411 2001219
2010935 2010935 2008578 2011716 2010937
2100366 2100366 2010939
2010935 2010937
2010937 2001972
2010939 2010937
2001219
2010939 2101411 2101411
2010935 2010939
2101411 2010937 2010935
2101411 2010937
2010937
2010935 2010939 2010935 2010937 2010937 2101411 2010935 2008578 2011716 2010935 2010937 2008578 2011716
2400008 2010935
2010935 2010939 2010935
2010935
2010937
2010935 2008578 2011716
2101411 2010939 2010937
2008578 2011716
2010935
2101411
2001972 2010937 2008578 2011716
2101411
2101411 2001972 2001972 2001972
2010939
2002910 2001972
2010939 2101411
2001219
2101411
2400008 2010937
2010937
2010937 2010935 2101616
2010939
2400008 2001972
2010939
2101616 2010937 2002911
2100366 2100368 2100366 2100368 2100366 2100366 2100368 2100366 2100366 2100368 2100366 2100366 2100366 2100366 2100366 2100366 2100366 2100366 2100366 2100366 2100366 2100366 2100366 2100366 2100366 2100366 2100366 2100368 2100366 2100366 2100366 2100366 2100366 2100366 2100368 2100366 2100366 2100368 2100366 2100368 2100366 2100368 2100366 2100366 2100366 2100366 2100366 2100366 2100366 2100366 2100366 2100366 2100366 2100368 2100366 2100366 2100366 2100366 2100366 2100366 2100366 2100366 2100366 2100368 2100366 2100366 2100366 2100366 2100366 2100368 2100366 2100368 2100366 2100368 2100366 2100366 2100368 2100366 2100366 2100366 2100366 2010935 2100366 2100366 2100366 2100366 2100368 2100366 2100366 2100366 2100366 2100368 2100366 2100366 2100366 2100366 2100366 2100366 2100366 2100366 2100366 2100366 2100368 2100366 2100366 2100366 2100368 2100366 2100366 2100366 2100368 2100366 2100366 2100366 2100368 2100366 2100366 2100366 2100368 2100366 2100366 2100366 2100368 2100366 2100366 2100366 2100368 2100366 2100366 2100366 2100366 2100366 2100368 2100366 2100366 2100366 2100366 2100366 2100368 2100366 2100366 2100366 2100366 2100366 2100366 2100368 2100366 2100368 2100366 2100368 2100366 2100368 2100366 2100368 2100366 2100366 2100366 2100368 2100366 2100366 2100368 2100366 2100368 2100366 2100368 2100366 2100368 2100366 2100366 2100366 2100368 2100366 2100366 2100366 2100366 2100368 2100366 2100366 2100368 2100366 2100368 2100366 2100368
2010937 2010935 2011716
2001972
2002911 2010935
2001219 2001219 2010935 2008578 2011716 2400000 2525006 2527012 2010939 2008578 2011716 2403356
2101411 2403389 2001219 2011716 2001219 2001219 2001219
2010939 2010935 2008578 2011716
2010935 2010935 2010935
2010935
2010937 2403385 2011716
2010939
2101616 2010935 2010939
2010937
2010939 2010935
2010935 2001972 2010935 2001972 2001972 2101411 2001972 2010935 2001972 2001972 2001972 2001972
2002911 2010937
2001219 2010939 2101411 2400000
2001330
2016149 2016149 2016149 2016149 2016149 2016149 2016149
2016149 2016149 2016149 2016149 2016149 2016149 2016149 2016149 2016149 2016149 2016149 2016149 2016149 2016149 2016149 2016149 2016149 2016149 2016149 2016149 2016149
