














16 1501 19 19 19 16 16 10016 10016 7002 7001 16 1501 16 16 16 16 16 16 16 16 16 16 16 16 16 16 16 16 16 16 16 16 16 16 16 16 16 16 16 16 16 16 16 10016 10016 10016 10016 10016 16 16 44 44 44 44 44 44 44 44 7040 7031 7031 7031 7031 7031 7031 7031 7031 7031 7031 7031 7034 7031 7031 7031 16 16 16 16 16 16 16 16 16 16 16 16 16 16 16 16 16 16 16 16 16 16 16 7032 7032 7040 7032 7032 219 219 219 219 219 219 1074 7031 10001 10010 7002 6006 10005 51047 50037 16 16 1501 19 19 19 16 16 10016 10016 7002 7001 16 1501 16 16 16 16 16 16 16 16 16 16 16 16 16 16 16 16 16 16 16 16 16 16 16 16 16 16 16 16 16 16 16 10016 10016 10016 10016 10016 16 16 44 44 44 44 44 44 44 44 7040 7031 7031 7031 7031 7031 7031 7031 7031 7031 7031 7031 7034 7031 7031 7031 16 16 16 16 16 16 16 16 16 16 16 16 16 16 16 16 16 16 16 16 16 16 16 7032 7032 7040 7032 7032 219 219 219 219 219 219 1074 7031 10001 10010 7002 6006 10005 51047 50037 1 35 1 15 20001 20001 7045 7030 1281 1 1 7040 7040 7040 16 7040 44 7040 7040 7040 7040 44 44 7040 7040 7040 7040 44 43 19 7040 43 43 43 1074 1282 6006 51047 6009 6005 6013 50037 109 13 12 20 27 25 18 32 6 6 6 98 6 6 98 55 16 32 16 16 16 16 16 16 16 6 6 50036 51046 7026 16 7040 7040 15 7001 16 16 1501 19 19 19 16 16 10016 10016 7002 7001 16 1501 16 16 16 16 16 16 16 16 16 16 16 16 16 16 16 16 16 16 16 16 16 16 16 16 16 16 16 16 16 16 16 10016 10016 10016 10016 10016 16 16 44 44 44 44 44 44 44 44 7040 7031 7031 7031 7031 7031 7031 7031 7031 7031 7031 7031 7034 7031 7031 7031 16 16 16 16 16 16 16 16 16 16 16 16 16 16 16 16 16 16 16 16 16 16 16 7032 7032 7040 7032 7032 219 219 219 219 219 219 1074 7031 10001 10010 7002 6006 10005 51047 50037 1 35 1 15 20001 20001 7045 7030 1281 1 1 7040 7040 7040 16 7040 44 7040 7040 7040 7040 44 44 7040 7040 7040 7040 44 43 19 7040 43 43 43 1074 1282 6006 51047 6009 6005 6013 50037 109 13 12 20 27 25 18 32 6 6 6 98 6 6 98 55 16 32 16 16 16 16 16 16 16 6 6 50036 51046 7026 16 7040 7040 15 7001 16 1 35 1 15 20001 20001 7045 7030 1281 1 1 7040 7040 7040 16 7040 44 7040 7040 7040 7040 44 44 7040 7040 7040 7040 44 43 19 7040 43 43 43 1074 1282 6006 51047 6009 6005 6013 50037 109 13 12 20 27 25 18 32 6 6 6 98 6 6 98 55 16 32 16 16 16 16 16 16 16 6 6 50036 51046 7026 16 7040 7040 15 7001 16 16 1501 19 19 19 16 16 10016 10016 7002 7001 16 1501 16 16 16 16 16 16 16 16 16 16 16 16 16 16 16 16 16 16 16 16 16 16 16 16 16 16 16 16 16 16 16 10016 10016 10016 10016 10016 16 16 44 44 44 44 44 44 44 44 7040 7031 7031 7031 7031 7031 7031 7031 7031 7031 7031 7031 7034 7031 7031 7031 16 16 16 16 16 16 16 16 16 16 16 16 16 16 16 16 16 16 16 16 16 16 16 7032 7032 7040 7032 7032 219 219 219 219 219 219 1074 7031 10001 10010 7002 6006 10005 51047 50037 1 35 1 15 20001 20001 7045 7030 1281 1 1 7040 7040 7040 16 7040 44 7040 7040 7040 7040 44 44 7040 7040 7040 7040 44 43 19 7040 43 43 43 1074 1282 6006 51047 6009 6005 6013 50037 109 13 12 20 27 25 18 32 6 6 6 98 6 6 98 55 16 32 16 16 16 16 16 16 16 6 6 50036 51046 7026 16 7040 7040 15 7001 1 35 1 15 20001 20001 7045 7030 1281 1 1 7040 7040 7040 16 7040 44 7040 7040 7040 7040 44 44 7040 7040 7040 7040 44 43 19 7040 43 43 43 1074 1282 6006 51047 6009 6005 6013 50037 109 13 12 20 27 25 18 32 6 6 6 98 6 6 98 55 16 32 16 16 16 16 16 16 16 6 6 50036 51046 7026 16 7040 7040 15 7001 16 16 1501 19 19 19 16 16 10016 10016 7002 7001 16 1501 16 16 16 16 16 16 16 16 16 16 16 16 16 16 16 16 16 16 16 16 16 16 16 16 16 16 16 16 16 16 16 10016 10016 10016 10016 10016 16 16 44 44 44 44 44 44 44 44 7040 7031 7031 7031 7031 7031 7031 7031 7031 7031 7031 7031 7034 7031 7031 7031 16 16 16 16 16 16 16 16 16 16 16 16 16 16 16 16 16 16 16 16 16 16 16 7032 7032 7040 7032 7032 219 219 219 219 219 219 1074 7031 10001 10010 7002 6006 10005 51047 50037
12 20 27 25 18 32 6008 6009 6005 6013 6 6 6 98 6 6 41 98 55 32 6 6 50036 51046 7026 7001 414 16 1074 7031 10010 10010 10010 10010 10010 10010 10010 10010 10010 10010 10010 10010 10010 10010 10010 16 10010 7002 6006 51047 50037 6009 6005 6013 109 13 12 20 27 25 18 32 6 6 6 98 6 6 98 55 32 6 6 50036 51046 7026 414 7040 7001 16 16 16 16 16 16 16 16 16 16 16 16 16 16 16 16 16 16 16 16 16 16 16 16 16 16 16 16 16 16 16 16 16 16 16 16 16 16 16 16 16 16 16 16 16 16 16 16 16 16 16 16 16 16 16 16 16 1074 6006 7002 51047 50037 109 109 13 12 20 27 25 18 32 6008 6009 6005 6013 6 6 6 98 6 6 41 98 55 32 6 6 50036 51046 7026 7001 414 16 1074 7031 10010 10010 10010 10010 10010 10010 10010 10010 10010 10010 10010 10010 10010 10010 10010 16 10010 7002 6006 51047 50037 6009 6005 6013 109 13 12 20 27 25 18 32 6 6 6 98 6 6 98 55 32 6 6 50036 51046 7026 414 7040 7001 16 16 16 16 16 16 16 16 16 16 16 16 16 16 16 16 16 16 16 16 16 16 16 16 16 16 16 16 16 16 16 16 16 16 16 16 16 16 16 16 16 16 16 16 16 16 16 16 16 16 16 16 16 16 16 16 16 1074 6006 7002 51047 50037 109 109 13 6011 6009 6005 12 20 27 25 18 32 6 6 6 98 6 6 55 98 16 6 6 50036 51046 7026 20003 7023 20001 7045 20001 32 7023 16 7040 22 2003 2004 1281 1074 6006 7043 51047 6011 6009 6005 6013 50037 109 13 12 20 27 25 18 32 6 6 6 98 6 6 98 55 32 50036 51046 6 6 37 7026 7045 20001 7040 12 20 27 25 18 32 6008 6009 6005 6013 6 6 6 98 6 6 41 98 55 32 6 6 50036 51046 7026 7001 414 16 1074 7031 10010 10010 10010 10010 10010 10010 10010 10010 10010 10010 10010 10010 10010 10010 10010 16 10010 7002 6006 51047 50037 6009 6005 6013 109 13 12 20 27 25 18 32 6 6 6 98 6 6 98 55 32 6 6 50036 51046 7026 414 7040 7001 16 16 16 16 16 16 16 16 16 16 16 16 16 16 16 16 16 16 16 16 16 16 16 16 16 16 16 16 16 16 16 16 16 16 16 16 16 16 16 16 16 16 16 16 16 16 16 16 16 16 16 16 16 16 16 16 16 1074 6006 7002 51047 50037 109 109 13 20 27 25 18 32 6 6 6 98 6 6 98 55 32 50036 51046 6 6 37 7026 7045 20001 7040 6011 6009 6005 12 20 27 25 18 32 6 6 6 98 6 6 55 98 16 6 6 50036 51046 7026 20003 7023 20001 7045 20001 32 7023 16 7040 22 2003 2004 1281 1074 6006 7043 51047 6011 6009 6005 6013 50037 109 13 12 41 98 55 32 6 6 50036 51046 7026 7001 414 16 1074 7031 10010 10010 10010 10010 10010 10010 10010 10010 10010 10010 10010 10010 10010 10010 10010 16 10010 7002 6006 51047 50037 6009 6005 6013 109 13 12 20 27 25 18 32 6 6 6 98 6 6 98 55 32 6 6 50036 51046 7026 414 7040 7001 16 16 16 16 16 16 16 16 16 16 16 16 16 16 16 16 16 16 16 16 16 16 16 16 16 16 16 16 16 16 16 16 16 16 16 16 16 16 16 16 16 16 16 16 16 16 16 16 16 16 16 16 16 16 16 16 16 1074 6006 7002 51047 50037 109 109 13 37 7026 7045 20001 7040 12 20 27 25 18 32 6008 6009 6005 6013 6 6 6 98 6 6 20 27 25 18 32 6 6 6 98 6 6 98 55 32 50036 51046 6 6 37 7026 7045 20001 7040 98 6 6 55 98 16 6 6 50036 51046 7026 20003 7023 20001 7045 20001 32 7023 16 7040 22 2003 2004 1281 1074 6006 7043 51047 6011 6009 6005 6013 50037 109 13 12 20 27 25 18 32 6 6 6 98 6 6 98 55 32 50036 51046 6 6 6011 6009 6005 12 20 27 25 18 32 6 6 6 98 6 6 55 98 16 6 6 50036 51046 7026 20003 7023 20001 7045 20001 32 7023 16 7040 22 2003 2004 1281 1074 6006 7043 51047 6011 6009 6005 6013 50037 109 13 12 6011 6009 6005 12 20 27 25 18 32 6 6 6 6011 6009 6005 12 20 27 25 18 32 6 6 6 98 6 6 55 98 16 6 6 50036 51046 7026 20003 7023 20001 7045 20001 32 7023 16 7040 22 2003 2004 1281 1074 6006 7043 51047 6011 6009 6005 6013 50037 109 13 12 20 27 25 18 32 6 6 6 98 6 6 98 55 32 50036 51046 6 6 37 7026 7045 20001 7040 12 20 27 25 18 32 6008 6009 6005 6013 6 6 6 98 6 6 41 98 55 32 6 6 50036 51046 7026 7001 414 16 1074 7031 10010 10010 10010 10010 10010 10010 10010 10010 10010 10010 10010 10010 10010 10010 10010 16 10010 7002 6006 51047 50037 6009 6005 6013 109 13 12 20 27 25 18 32 6 6 6 98 6 6 98 55 32 6 6 50036 51046 7026 414 7040 7001 16 16 16 16 16 16 16 16 16 16 16 16 16 16 16 16 16 16 16 16 16 16 16 16 16 16 16 16 16 16 16 16 16 16 16 16 16 16 16 16 16 16 16 16 16 16 16 16 16 16 16 16 16 16 16 16 16 1074 6006 7002 51047 50037 109 109 13
























































































































































































































































































































6009 6005 6013 12 20 27 25 18 32 6 6 6 98 6 6 55 55 55 55 98 16 16 16 16 16 16 16 6 6 16 16 50036 51046 414 7026 20003 20003 20001 16 20003 20001 7040 7045 7045 7040 7045 7045 20001 7045 7045 20001 7045 20001 7045 20001 7045 20001 7045 7045 7030 7024 7031 7024 7031 15 7040 15 7040 7024 7031 7024 7031 7024 7031 1074 7024 7031 6006 7043 51047 50037 6009 6005 6013 109 13 12 20 27 25 18 32 6 6 6 98 6 6 98 55 55 55 55 6 6 50036 51046 7026 414 3 1056 7040 7045 7030 1074 6006 51047 50037 109 13 6009 6005 6013 12 20 27 25 18 32 6 6 6 98 6 6 55 55 55 55 98 16 16 16 16 16 16 16 6 6 16 16 50036 51046 414 7026 20003 20003 20001 16 20003 20001 7040 7045 7045 7040 7045 7045 20001 7045 7045 20001 7045 20001 7045 20001 7045 20001 7045 7045 7030 7024 7031 7024 7031 15 7040 15 7040 7024 7031 7024 7031 7024 7031 1074 7024 7031 6006 7043 51047 50037 6009 6005 6013 109 13 12 20 27 25 18 32 6 6 6 98 6 6 98 55 55 55 55 6 6 50036 51046 7026 414 3 1056 7040 7045 7030 1074 6006 51047 50037 109 13 6009 6005 6013 12 20 27 25 18 32 6 6 6 98 6 6 55 55 55 55 98 16 16 16 16 16 16 16 6 6 16 16 50036 51046 414 7026 20003 20003 20001 16 20003 20001 7040 7045 7045 7040 7045 7045 20001 7045 7045 20001 7045 20001 7045 20001 7045 20001 7045 7045 7030 7024 7031 7024 7031 15 7040 15 7040 7024 7031 7024 7031 7024 7031 1074 7024 7031 6006 7043 51047 50037 6009 6005 6013 109 13 12 20 27 25 18 32 6 6 6 98 6 6 98 55 55 55 55 6 6 50036 51046 7026 414 3 1056 7040 7045 7030 1074 6006 51047 50037 109 13 6009 6005 6013 12 20 27 25 18 32 6 6 6 98 6 6 55 55 55 55 98 16 16 16 16 16 16 16 6 6 16 16 50036 51046 414 7026 20003 20003 20001 16 20003 20001 7040 7045 7045 7040 7045 7045 20001 7045 7045 20001 7045 20001 7045 20001 7045 20001 7045 7045 7030 7024 7031 7024 7031 15 7040 15 7040 7024 7031 7024 7031 7024 7031 1074 7024 7031 6006 7043 51047 50037 6009 6005 6013 109 13 12 20 27 25 18 32 6 6 6 98 6 6 98 55 55 55 55 6 6 50036 51046 7026 414 3 1056 7040 7045 7030 1074 6006 51047 50037 109 13 6009 6005 6013 12 20 27 25 18 32 6 6 6 98 6 6 55 55 55 55 98 16 16 16 16 16 16 16 6 6 16 16 50036 51046 414 7026 20003 20003 20001 16 20003 20001 7040 7045 7045 7040 7045 7045 20001 7045 7045 20001 7045 20001 7045 20001 7045 20001 7045 7045 7030 7024 7031 7024 7031 15 7040 15 7040 7024 7031 7024 7031 7024 7031 1074 7024 7031 6006 7043 51047 50037 6009 6005 6013 109 13 12 20 27 25 18 32 6 6 6 98 6 6 98 55 55 55 55 6 6 50036 51046 7026 414 3 1056 7040 7045 7030 1074 6006 51047 50037 109 13





















6009 6005 6013 12 20 27 25 18 32 6 6 6 98 6 6 98 55 6 6 50036 51046 414 7026 44 44 44 7040 37 35 1 7040 16 16 16 16 7001 16 16 23 23 23 23 3 4 16 16 16 3 4 1 1 7045 19 43 19 43 16 16 19 44 44 7040 7045 7040 7040 7040 7040 7040 7040 7040 7040 7040 7040 7040 7040 7040 12 12 44 44 44 44 44 44 44 44 43 16 16 19 43 19 16 43 19 43 16 16 16 19 43 44 16 19 43 19 19 16 16 43 16 16 19 19 19 19 43 19 16 16 43 19 7040 6009 6005 6013 12 20 27 25 18 32 6 6 6 98 6 6 98 55 6 6 50036 51046 414 7026 44 44 44 7040 37 35 1 7040 16 16 16 16 7001 16 16 23 23 23 23 3 4 16 16 16 3 4 1 1 7045 19 43 19 43 16 16 19 44 44 7040 7045 7040 7040 7040 7040 7040 7040 7040 7040 7040 7040 7040 7040 7040 12 12 44 44 44 44 44 44 44 44 43 16 16 19 43 19 16 43 19 43 16 16 16 19 43 44 16 19 43 19 19 16 16 43 16 16 19 19 19 19 43 19 16 16 43 19 7040 6009 6005 6013 12 20 27 25 18 32 6 6 6 98 6 6 98 55 6 6 50036 51046 414 7026 44 44 44 7040 37 35 1 7040 16 16 16 16 7001 16 16 23 23 23 23 3 4 16 16 16 3 4 1 1 7045 19 43 19 43 16 16 19 44 44 7040 7045 7040 7040 7040 7040 7040 7040 7040 7040 7040 7040 7040 7040 7040 12 12 44 44 44 44 44 44 44 44 43 16 16 19 43 19 16 43 19 43 16 16 16 19 43 44 16 19 43 19 19 16 16 43 16 16 19 19 19 19 43 19 16 16 43 19 7040 6009 6005 6013 12 20 27 25 18 32 6 6 6 98 6 6 98 55 6 6 50036 51046 414 7026 44 44 44 7040 37 35 1 7040 16 16 16 16 7001 16 16 23 23 23 23 3 4 16 16 16 3 4 1 1 7045 19 43 19 43 16 16 19 44 44 7040 7045 7040 7040 7040 7040 7040 7040 7040 7040 7040 7040 7040 7040 7040 12 12 44 44 44 44 44 44 44 44 43 16 16 19 43 19 16 43 19 43 16 16 16 19 43 44 16 19 43 19 19 16 16 43 16 16 19 19 19 19 43 19 16 16 43 19 7040 7040 7040 7040 7040 7040 7040 7040 7040 7040 12 12 44 44 44 44 44 44 44 44 43 16 16 19 43 19 16 43 19 43 16 16 16 19 43 44 16 19 43 19 19 16 16 43 16 16 19 19 19 19 43 19 16 16 43 19 7040 6009 6005 6013 12 20 27 25 18 32 6 6 6 98 6 6 98 55 6 6 50036 51046 414 7026 44 44 44 7040 37 35 1 7040 16 16 16 16 7001 16 16 23 23 23 23 3 4 16 16 16 3 4 1 1 7045 19 43 19 43 16 16 19 44 44 7040 7045 7040 7040 7040 7040
6013 7040 7040 6013 7040 7040 6013 7040 7040 6013 7040 7040 6013 7040 7040
7040 7040 7040 7040 7040 43 7040 7040 19 43 7040 19 43 7040 7040 19 7040 43 7040 19 7040 43 36888 36888 36888 36888 43 7040 44 16 7040 20 43 43 1074 7031 7002 6006 51047 6009 20 6005 6013 50037 109 13 12 20 27 25 18 32 6 6 6 98 6 6 55 98 6 6 50036 51046 414 7009 7000 7026 23 25 7040 19 19 19 19 19 19 19 19 43 20 7022 7001 7011 23 25 44 43 16 16 16 16 7045 16 16 16 16 16 16 16 16 16 16 16 414 19 44 7040 7040 7040 7040 43 19 6005 6013 50037 109 13 12 20 27 25 18 32 6 6 6 98 6 6 55 98 6 6 50036 51046 414 7009 7000 7026 23 25 7040 19 19 19 19 19 19 19 19 43 20 7022 7001 7011 23 25 44 43 16 16 16 16 7045 16 16 16 16 16 16 16 16 16 16 16 414 19 44 7040 7040 7040 7040 43 19 7040 7040 7040 7040 7040 43 7040 7040 19 43 7040 19 43 7040 7040 19 7040 43 7040 19 7040 43 36888 36888 36888 36888 43 7040 44 16 7040 20 43 43 1074 7031 7002 6006 51047 6009 20 6005 6013 50037 109 13 12 20 27 25 18 32 6 6 6 98 6 6 55 98 6 6 50036 51046 414 7009 7000 7026 23 25 7040 19 19 19 19 19 19 19 19 43 20 7022 7001 7011 23 25 44 43 16 16 16 16 7045 16 16 16 16 16 16 16 16 16 16 16 414 19 44 7040 7040 7040 7040 43 19 7040 7040 7040 7040 7040 43 7040 7040 19 43 7040 19 43 7040 7040 19 7040 43 7040 19 7040 43 36888 36888 36888 36888 43 7040 44 16 7040 20 43 43 1074 7031 7002 6006 51047 6009 20 7040 7040 7040 7040 7040 43 7040 7040 19 43 7040 19 43 7040 7040 19 7040 43 7040 19 7040 43 36888 36888 36888 36888 43 7040 44 16 7040 20 43 43 1074 7031 7002 6006 51047 6009 20 6005 6013 50037 109 13 12 20 27 25 18 32 6 6 6 98 6 6 55 98 6 6 50036 51046 414 7009 7000 7026 23 25 7040 19 19 19 19 19 19 19 19 43 20 7022 7001 7011 23 25 44 43 16 16 16 16 7045 16 16 16 16 16 16 16 16 16 16 16 414 19 44 7040 7040 7040 7040 43 19 7040 7040 7040 7040 7040 43 7040 7040 19 43 7040 19 43 7040 7040 19 7040 43 7040 19 7040 43 36888 36888 36888 36888 43 7040 44 16 7040 20 43 43 1074 7031 7002 6006 51047 6009 20 6005 6013 50037 109 13 12 20 27 25 18 32 6 6 6 98 6 6 55 98 6 6 50036 51046 414 7009 7000 7026 23 25 7040 19 19 19 19 19 19 19 19 43 20 7022 7001 7011 23 25 44 43 16 16 16 16 7045 16 16 16 16 16 16 16 16 16 16 16 414 19 44 7040 7040 7040 7040 43 19
7040 7040 7040 7040 7040




7040 7040 7040 7040 7040 7040 7040 7040 7040 7040
6013 7040 44 43 7045 19 7040 6013 7040 44 43 7045 19 7040 6013 7040 44 43 7045 19 7040 6013 7040 44 43 7045 19 7040 6013 7040 44 43 7045 19 7040

7040 44 44 44 16 43 16 16 16 19 43 44 19 16 16 16 43 44 19 43 44 19 44 43 16 44 19 44 43 16 19 44 44 16 43 19 43 16 16 16 16 19 43 44 16 16 19 43 19 43 44 16 19 44 43 16 16 19 43 44 16 19 43 44 16 16 19 44 43 20 43 44 16 16 19 43 19 43 16 16 16 16 16 19 43 19 43 16 19 43 19 7040 44 44 44 16 43 16 16 16 19 43 44 19 16 16 16 43 44 19 43 44 19 44 43 16 44 19 44 43 16 19 44 44 16 43 19 43 16 16 16 16 19 43 44 16 16 19 43 19 43 44 16 19 44 43 16 16 19 43 44 16 19 43 44 16 16 19 44 43 20 43 44 16 16 19 43 19 43 16 16 16 16 16 19 43 19 43 16 19 43 19 7040 44 44 44 16 43 16 16 16 19 43 44 19 16 16 16 43 44 19 43 44 19 44 43 16 44 19 44 43 16 19 44 44 16 43 19 43 16 16 16 16 19 43 44 16 16 19 43 19 43 44 16 19 44 43 16 16 19 43 44 16 19 43 44 16 16 19 44 43 20 43 44 16 16 19 43 19 43 16 16 16 16 16 19 43 19 43 16 19 43 19 43 20 43 44 16 16 19 43 19 43 16 16 16 16 16 19 43 19 43 16 19 43 19 7040 44 44 44 16 43 16 16 16 19 43 44 19 16 16 16 43 44 19 43 44 19 44 43 16 44 19 44 43 16 19 44 44 16 43 19 43 16 16 16 16 19 43 44 16 16 19 43 19 43 44 16 19 44 43 16 16 19 43 44 16 19 43 44 16 16 19 44 7040 44 44 44 16 43 16 16 16 19 43 44 19 16 16 16 43 44 19 43 44 19 44 43 16 44 19 44 43 16 19 44 44 16 43 19 43 16 16 16 16 19 43 44 16 16 19 43 19 43 44 16 19 44 43 16 16 19 43 44 16 19 43 44 16 16 19 44 43 20 43 44 16 16 19 43 19 43 16 16 16 16 16 19 43 19 43 16 19 43 19
7040 7040 7040 7040 7040

36888 36888 36888 36888 36888 36888 36888 36888 36888 36888


6013 7040 44 43 20 43 7045 19 7040 7040 7040 7040 7040 7040 7040 7040 7040 7040 7040 7040 7040 7040 7040 7040 7040 7040 7040 7040 7040 7040 7040 7040 7040 7040 7040 7040 7040 7040 7040 7040 7040 7040 7040 7040 7040 7040 7040 7040 7040 7040 7040 7040 7040 7040 7040 7040 7040 7040 7040 7040 7040 7040 7040 7040 7040 7040 7040 7040 7040 7040 7040 7040 7040 7040 7040 7040 7040 7040 7040 7040 7040 7040 7040 7040 7040 7040 7040 7040 7040 7040 7040 7040 7040 7040 7040 7040 7040 7040 7040 7040 7040 7040 7040 7040 7040 7040 7040 7040 7040 7040 7040 7040 7040 7040 7040 7040 7040 7040 7040 7040 7040 7040 7040 7040 7040 7040 7040 7040 7040 7040 7040 7040 7040 7040 7040 7040 7040 7040 7040 7040 7040 7040 7040 7040 7040 7040 7040 7040 7040 7040 7040 7040 7040 7040 7040 7040 7040 7040 7040 7040 7040 7040 7040 7040 7040 7040 7040 7040 7040 7040 7040 7040 7040 7040 7040 7040 7040 7040 7040 7040 7040 7040 7040 7040 7040 7040 7040 7040 7040 7040 7040 7040 7040 7040 7040 7040 7040 7040 7040 7040 7040 7040 7040 7040 7040 7040 7040 7040 7040 7040 7040 7040 7040 7040 7040 7040 7040 7040 7040 7040 7040 7040 7040 7040 7040 7040 7040 7040 7040 7040 7040 7040 7040 7040 7040 7040 7040 7040 7040 7040 7040 7040 7040 7040 7040 7040 7040 7040 7040 7040 7040 7040 7040 7040 7040 7040 7040 7040 7040 7040 6013 7040 44 43 20 43 7045 19 7040 7040 7040 7040 7040 7040 7040 7040 7040 7040 7040 7040 7040 7040 7040 7040 7040 7040 7040 7040 7040 7040 7040 7040 7040 7040 7040 7040 7040 7040 7040 7040 7040 7040 7040 7040 7040 7040 7040 7040 7040 7040 7040 7040 7040 7040 7040 7040 7040 7040 7040 7040 7040 7040 7040 7040 7040 7040 7040 7040 7040 7040 7040 7040 7040 7040 7040 7040 7040 7040 7040 7040 7040 7040 7040 7040 7040 7040 7040 7040 7040 7040 7040 7040 7040 7040 7040 7040 7040 7040 7040 7040 7040 7040 7040 7040 7040 7040 7040 7040 7040 7040 7040 7040 7040 7040 7040 7040 7040 7040 7040 7040 7040 7040 7040 7040 7040 7040 7040 7040 7040 7040 7040 7040 7040 7040 7040 7040 7040 7040 7040 7040 7040 7040 7040 7040 7040 7040 7040 7040 7040 7040 7040 7040 7040 7040 7040 7040 7040 7040 7040 7040 7040 7040 7040 7040 7040 7040 7040 7040 7040 7040 7040 7040 7040 7040 7040 7040 7040 7040 7040 7040 7040 7040 7040 7040 7040 7040 7040 7040 7040 7040 7040 7040 7040 7040 7040 7040 7040 7040 7040 7040 7040 7040 7040 7040 7040 7040 7040 7040 7040 7040 7040 7040 7040 7040 7040 7040 7040 7040 7040 7040 7040 7040 7040 7040 7040 7040 7040 7040 7040 7040 7040 7040 7040 7040 7040 7040 7040 7040 7040 7040 7040 7040 7040 7040 7040 7040 7040 7040 7040 7040 7040 7040 7040 7040 7040 7040 7040 7040 7040 7040 6013 7040 44 43 20 43 7045 19 7040 7040 7040 7040 7040 7040 7040 7040 7040 7040 7040 7040 7040 7040 7040 7040 7040 7040 7040 7040 6013 7040 44 43 20 43 7045 19 7040 7040 7040 7040 7040 7040 7040 7040 7040 7040 7040 7040 7040 7040 7040 7040 7040 7040 7040 7040 7040 7040 7040 7040 7040 7040 7040 7040 7040 7040 7040 7040 7040 7040 7040 7040 7040 7040 7040 7040 7040 7040 7040 7040 7040 7040 7040 7040 7040 7040 7040 7040 7040 7040 7040 7040 7040 7040 7040 7040 7040 7040 7040 7040 7040 7040 7040 7040 7040 7040 7040 7040 7040 7040 7040 7040 7040 7040 7040 7040 7040 7040 7040 7040 7040 7040 7040 7040 7040 7040 7040 7040 7040 7040 7040 7040 7040 7040 7040 7040 7040 7040 7040 7040 7040 7040 7040 7040 7040 7040 7040 7040 7040 7040 7040 7040 7040 7040 7040 7040 7040 7040 7040 7040 7040 7040 7040 7040 7040 7040 7040 7040 7040 7040 7040 7040 7040 7040 7040 7040 7040 7040 7040 7040 7040 7040 7040 7040 7040 7040 7040 7040 7040 7040 7040 7040 7040 7040 7040 7040 7040 7040 7040 7040 7040 7040 7040 7040 7040 7040 7040 7040 7040 7040 7040 7040 7040 7040 7040 7040 7040 7040 7040 7040 7040 7040 7040 7040 7040 7040 7040 7040 7040 7040 7040 7040 7040 7040 7040 7040 7040 7040 7040 7040 7040 7040 7040 7040 7040 7040 7040 7040 7040 7040 7040 7040 7040 7040 7040 7040 7040 7040 7040 7040 7040 7040 7040 7040 7040 7040 7040 7040 7040 7040 7040 7040 7040 7040 7040 7040 7040 7040 7040 7040 7040 7040 7040 7040 7040 7040 7040 7040 7040 7040 7040 7040 7040 7040 7040 7040 7040 7040 7040 7040 7040 7040 7040 7040 7040 7040 7040 7040 7040 7040 7040 7040 7040 7040 7040 7040 7040 7040 7040 7040 7040 7040 7040 7040 7040 7040 7040 7040 7040 7040 7040 7040 7040 7040 7040 7040 7040 7040 7040 7040 7040 7040 7040 7040 7040 7040 7040 7040 7040 7040 7040 7040 7040 7040 7040 7040 7040 7040 7040 7040 7040 7040 7040 7040 7040 7040 7040 7040 7040 7040 7040 7040 7040 7040 7040 7040 7040 7040 7040 7040 7040 7040 7040 7040 7040 7040 7040 7040 7040 7040 7040 7040 7040 7040 7040 7040 7040 7040 7040 7040 7040 7040 7040 7040 7040 7040 7040 7040 7040 7040 7040 7040 7040 7040 7040 7040 7040 7040 7040 7040 7040 7040 7040 7040 7040 7040 7040 7040 7040 7040 7040 7040 7040 7040 7040 7040 7040 7040 7040 7040 7040 7040 7040 7040 7040 7040 7040 7040 7040 7040 7040 7040 7040 7040 7040 7040 7040 7040 7040 7040 7040 7040 7040 7040 7040 7040 7040 7040 7040 7040 7040 7040 7040 7040 7040 7040 7040 7040 7040 7040 7040 7040 7040 7040 7040 7040 7040 7040 7040 7040 7040 7040 7040 7040 7040 7040 7040 7040 7040 7040 7040 7040 7040 7040 7040 7040 7040 7040 7040 7040 7040 7040 7040 7040 7040 7040 7040 7040 7040 7040 6013 7040 44 43 20 43 7045 19 7040 7040 7040 7040 7040 7040 7040 7040 7040 7040 7040 7040 7040 7040 7040 7040 7040 7040 7040 7040 7040 7040 7040 7040 7040 7040 7040 7040 7040 7040 7040 7040 7040 7040 7040 7040 7040 7040 7040 7040 7040 7040 7040 7040 7040 7040 7040 7040 7040 7040 7040 7040 7040 7040 7040 7040 7040 7040 7040 7040 7040 7040 7040 7040 7040 7040 7040 7040 7040 7040 7040 7040 7040 7040 7040 7040 7040 7040 7040 7040 7040 7040 7040 7040 7040 7040 7040 7040 7040 7040 7040 7040 7040 7040 7040 7040 7040 7040 7040 7040 7040 7040 7040 7040 7040 7040 7040 7040 7040 7040 7040 7040 7040 7040 7040 7040 7040 7040 7040 7040 7040 7040 7040 7040 7040 7040 7040 7040 7040 7040 7040 7040 7040 7040 7040 7040 7040 7040 7040 7040 7040 7040 7040 7040 7040 7040 7040 7040 7040 7040 7040 7040 7040 7040 7040 7040 7040 7040 7040 7040 7040 7040 7040 7040 7040 7040 7040 7040 7040 7040 7040 7040 7040 7040 7040 7040 7040 7040 7040 7040 7040 7040 7040 7040 7040 7040 7040 7040 7040 7040 7040 7040 7040 7040 7040 7040 7040 7040 7040 7040 7040 7040 7040 7040 7040 7040 7040 7040 7040 7040 7040 7040 7040 7040 7040 7040 7040 7040 7040 7040 7040 7040 7040 7040 7040 7040 7040 7040 7040 7040 7040 7040 7040 7040 7040 7040 7040 7040 7040 7040 7040 7040 7040 7040 7040 7040 7040 7040 7040 7040 7040 7040
7040 7040 7040 10016 1074 7031 7002 6006 51047 50037 6009 6005 6013 109 13 12 20 27 25 18 32 6 6 6 98 6 6 55 98 6 6 50036 51046 414 414 7026 7001 44 43 7045 19 7040 7040 7040 7040 10016 1074 7031 7002 6006 51047 50037 6009 6005 6013 109 13 12 20 27 25 18 32 6 6 6 98 6 6 55 98 6 6 50036 51046 414 414 7026 7001 44 43 7045 19 7040 7040 7040 7040 10016 1074 7031 7002 6006 51047 50037 6009 6005 6013 109 13 12 20 27 25 18 32 6 6 6 98 6 6 55 98 6 6 50036 51046 414 414 7026 7001 44 43 7045 19 7040 7040 7040 7040 10016 1074 7031 7002 6006 51047 50037 6009 6005 6013 109 13 12 20 27 25 18 32 6 6 6 98 6 6 55 98 6 6 50036 51046 414 414 7026 7001 44 43 7045 19 7040 7040 7040 7040 10016 1074 7031 7002 6006 51047 50037 6009 6005 6013 109 13 12 20 27 25 18 32 6 6 6 98 6 6 55 98 6 6 50036 51046 414 414 7026 7001 44 43 7045 19 7040

7040 44 16 43 19 43 16 19 43 19 43 20 7040 7040 44 16 43 19 43 16 19 43 19 43 20 7040 7040 44 16 43 19 43 16 19 43 19 43 20 7040 7040 44 16 43 19 43 16 19 43 19 43 20 7040 7040 44 16 43 19 43 16 19 43 19 43 20 7040




6013 7040 7040 6013 7040 7040 6013 7040 7040 6013 7040 7040 6013 7040 7040
7040 44 44 7023 7023 7023 7023 7023 7023 7023 7023 7023 7023 7023 43 19 43 7045 19 43 20 7040 7040 44 44 7023 7023 7023 7023 7023 7023 7023 7023 7023 7023 7023 43 19 43 7045 19 43 20 7040 7040 44 44 7023 7023 7023 7023 7023 7023 7023 7023 7023 7023 7023 43 19 43 7045 19 43 20 7040 7040 44 44 7023 7023 7023 7023 7023 7023 7023 7023 7023 7023 7023 43 19 43 7045 19 43 20 7040 7040 44 44 7023 7023 7023 7023 7023 7023 7023 7023 7023 7023 7023 43 19 43 7045 19 43 20 7040
16 7040 43 19 43 44 19 16 43 19 43 20 16 7040 43 19 43 44 19 16 43 19 43 20 16 7040 43 19 43 44 19 16 43 19 43 20 16 7040 43 19 43 44 19 16 43 19 43 20 16 7040 43 19 43 44 19 16 43 19 43 20
7040 7040 7040 7040 7040




6013 7040 44 43 20 43 19 7045 7040 6013 7040 44 43 20 43 19 7045 7040 6013 7040 44 43 20 43 19 7045 7040 6013 7040 44 43 20 43 19 7045 7040 6013 7040 44 43 20 43 19 7045 7040


7040 44 44 44 43 19 44 16 43 19 43 16 19 43 20 7040 44 44 44 43 19 44 16 43 19 43 16 19 43 20 7040 44 44 44 43 19 44 16 43 19 43 16 19 43 20 7040 44 44 44 43 19 44 16 43 19 43 16 19 43 20 7040 44 44 44 43 19 44 16 43 19 43 16 19 43 20
7040 7040 7040 7040 7040
15 15 15 15 15

7040 44 43 7045 7040 44 43 7045 7040 44 43 7045 7040 44 43 7045 7040 44 43 7045
6013 19 15 7040 43 20 6013 19 15 7040 43 20 6013 19 15 7040 43 20 6013 19 15 7040 43 20 6013 19 15 7040 43 20
7040 7040 7040 7040 7040 7040 7040 7040 7040 7040

7040 44 44 44 43 19 16 16 43 44 19 43 19 43 20 7040 44 44 44 43 19 16 16 43 44 19 43 19 43 20 7040 44 44 44 43 19 16 16 43 44 19 43 19 43 20 7040 44 44 44 43 19 16 16 43 44 19 43 19 43 20 7040 44 44 44 43 19 16 16 43 44 19 43 19 43 20
7040 7001 16 1501 16 16 16 16 16 16 16 16 16 16 16 16 16 16 16 16 16 16 16 16 16 16 16 16 7040 16 16 16 16 16 16 16 16 16 16 16 16 16 16 16 16 16 16 16 16 16 16 16 7040 7001 16 1501 16 16 16 16 16 16 16 16 16 16 16 16 16 16 16 16 16 16 16 16 16 16 16 16 7040 16 16 16 16 16 16 16 16 16 16 16 16 16 16 16 16 16 16 16 16 16 16 16 16 16 16 16 16 16 16 16 16 16 16 16 16 414 37 1074 12 20 27 25 18 32 6 6 6 98 6 6 55 98 16 16 16 16 16 16 16 16 6 6 50036 51046 6008 6009 6005 6013 414 414 414 7026 7040 7001 16 1501 16 16 16 16 16 16 16 16 16 16 16 16 16 16 16 16 16 16 16 16 16 16 16 16 7040 16 16 16 16 16 16 16 16 16 16 16 16 16 16 16 16 16 16 16 16 16 16 16 16 16 16 16 16 16 16 16 16 16 16 16 16 414 37 1074 12 20 27 25 18 32 6 6 6 98 6 6 55 98 16 16 16 16 16 16 16 16 6 6 50036 51046 6008 6009 6005 6013 414 414 414 7026 7040 7001 16 1501 16 16 16 16 16 16 16 16 16 16 16 16 16 16 16 16 16 16 16 16 16 16 16 16 7040 16 16 16 16 16 16 16 16 16 16 16 16 16 16 16 16 16 16 16 16 16 16 16 16 16 16 16 16 16 16 16 16 16 16 16 16 414 37 1074 12 20 27 25 18 32 6 6 6 98 6 6 55 98 16 16 16 16 16 16 16 16 6 6 50036 51046 6008 6009 6005 6013 414 414 414 7026 7040 7001 16 1501 16 16 16 16 16 16 16 16 16 16 16 16 16 16 16 16 16 16 16 16 16 16 16 16 7040 16 16 16 16 16 16 16 16 16 16 16 16 16 16 16 16 16 16 16 16 16 16 16 16 16 16 16 16 16 16 16 16 16 16 16 16 414 37 1074 12 20 27 25 18 32 6 6 6 98 6 6 55 98 16 16 16 16 16 16 16 16 6 6 50036 51046 6008 6009 6005 6013 414 414 414 7026 16 16 16 16 16 16 16 16 16 16 16 16 16 414 37 1074 12 20 27 25 18 32 6 6 6 98 6 6 55 98 16 16 16 16 16 16 16 16 6 6 50036 51046 6008 6009 6005 6013 414 414 414 7026
43 20 7045 7040 43 20 7045 7040 43 20 7045 7040 43 20 7045 7040 43 20 7045 7040

7001 7040 7040 7001 7040 7040 7001 7040 7040 7001 7040 7040 7001 7040 7040
6013 7040 44 43 20 43 19 7045 1074 7031 10010 6006 7002 51047 50037 6009 6005 6013 109 13 12 20 27 25 18 32 6 6 6 98 6 6 55 98 6 6 50036 51046 414 414 414 7026 7001 10010 26 7045 7045 43 20 6013 7040 44 43 20 43 19 7045 1074 7031 10010 6006 7002 51047 50037 6009 6005 6013 109 13 12 20 27 25 18 32 6 6 6 98 6 6 55 98 6 6 50036 51046 414 414 414 7026 7001 10010 26 7045 7045 43 20 6013 7040 44 43 20 43 19 7045 1074 7031 10010 6006 7002 51047 50037 6009 6005 6013 109 13 12 20 27 25 18 32 6 6 6 98 6 6 55 98 6 6 50036 51046 414 414 414 7026 7001 10010 26 7045 7045 43 20 6013 7040 44 43 20 43 19 7045 1074 7031 10010 6006 7002 51047 50037 6009 6005 6013 109 13 12 20 27 25 18 32 6 6 6 98 6 6 55 98 6 6 50036 51046 414 414 414 7026 7001 10010 26 7045 7045 43 20 6013 7040 44 43 20 43 19 7045 1074 7031 10010 6006 7002 51047 50037 6009 6005 6013 109 13 12 20 27 25 18 32 6 6 6 98 6 6 55 98 6 6 50036 51046 414 414 414 7026 7001 10010 26 7045 7045 43 20
1074 7031 10010 7002 6006 51047 50037 109 13 1074 7031 10010 7002 6006 51047 50037 109 13 1074 7031 10010 7002 6006 51047 50037 109 13 1074 7031 10010 7002 6006 51047 50037 109 13 1074 7031 10010 7002 6006 51047 50037 109 13






6009 6005 6013 12 20 27 25 18 32 6 6 6 98 6 6 55 98 6 6 50036 51046 414 414 414 7026 44 43 7045 7001 16 16 16 16 16 1074 7031 1074 7002 6006 51047 50037 6009 6005 6013 109 13 12 20 27 25 18 32 6 6 6 98 6 6 55 98 6 6 50036 51046 414 414 414 7026 7001 1074 7031 6006 1074 7002 6009 6005 6013 51047 50037 109 13 12 20 27 25 18 32 6 6 6 98 6 6 55 98 6 6 50036 51046 414 414 414 7026 7001 414 1074 7031 1074 7002 6006 51047 50037 6009 6005 6013 109 13 12 20 27 25 18 32 6 6 6 98 6 6 55 98 6 6 50036 51046 414 414 414 7026 7001 1074 7031 6006 1074 7002 51047 50037 6009 6005 6013 109 13 12 20 27 25 18 32 6 6 6 98 6 6 55 98 6 6 50036 51046 414 414 414 7031 7026 7001 7032 16 16 44 43 44 20 44 16 43 19 16 43 44 19 43 19 43 20 37 7045 32 6 6 6 98 6 6 55 98 6 6 50036 51046 414 414 414 7026 7001 1074 7031 6006 1074 7002 6009 6005 6013 51047 50037 109 13 12 20 27 25 18 32 6 6 6 98 6 6 55 98 6 6 50036 51046 414 414 414 7026 7001 414 1074 7031 1074 7002 6006 51047 50037 6009 6005 6013 109 13 12 20 27 25 18 32 6 6 6 98 6 6 55 98 6 6 50036 51046 414 414 414 7026 7001 1074 7031 6006 1074 7002 51047 50037 6009 6005 6013 109 13 12 20 27 25 18 32 6 6 6 98 6 6 55 98 6 6 50036 51046 414 414 414 7031 7026 7001 7032 16 16 44 43 44 20 44 16 43 19 16 43 44 19 43 19 43 20 37 7045 6 6 98 6 6 55 98 6 6 50036 51046 414 414 414 7031 7026 7001 7032 16 16 44 43 44 20 44 16 43 19 16 43 44 19 43 19 43 20 37 7045 6009 6005 6013 12 20 27 25 18 32 6 6 6 98 6 6 55 98 6 6 50036 51046 414 414 414 7026 44 43 7045 7001 16 16 16 16 16 1074 7031 1074 7002 6006 51047 50037 6009 6005 6013 109 13 12 20 27 25 18 32 6 6 6 98 6 6 55 98 6 6 50036 51046 414 414 414 7026 7001 1074 7031 6006 1074 7002 6009 6005 6013 51047 50037 109 13 12 20 27 25 18 32 6 6 6 98 6 6 55 98 6 6 50036 51046 414 414 414 7026 7001 414 1074 7031 1074 7002 6006 51047 50037 6009 6005 6013 109 13 12 20 27 25 18 32 6 6 6 98 6 6 55 98 6 6 50036 51046 414 414 414 7026 7001 1074 7031 6006 1074 7002 51047 50037 6009 6005 6013 109 13 12 20 27 25 18 32 6 6 6 98 6 6 55 98 6 6 50036 51046 414 414 414 7031 7026 7001 7032 16 16 44 43 44 20 44 16 43 19 16 43 44 19 43 19 43 20 37 7045 6009 6005 6013 12 20 27 25 18 32 6 6 6 98 6 6 55 98 6 6 50036 51046 414 414 414 7026 44 43 7045 7001 16 16 16 16 16 1074 7031 1074 7002 6006 51047 50037 6009 6005 6013 109 13 12 20 27 25 18 6009 6005 6013 12 20 27 25 18 32 6 6 6 98 6 6 55 98 6 6 50036 51046 414 414 414 7026 44 43 7045 7001 16 16 16 16 16 1074 7031 1074 7002 6006 51047 50037 6009 6005 6013 109 13 12 20 27 25 18 32 6 6 6 98 6 6 55 98 6 6 50036 51046 414 414 414 7026 7001 1074 7031 6006 1074 7002 6009 6005 6013 51047 50037 109 13 12 20 27 25 18 32 6 6 6 98 6 6 55 98 6 6 50036 51046 414 414 414 7026 7001 414 1074 7031 1074 7002 6006 51047 50037 6009 6005 6013 109 13 12 20 27 25 18 32 6 6 6 98 6 6 55 98 6 6 50036 51046 414 414 414 7026 7001 1074 7031 6006 1074 7002 51047 50037 6009 6005 6013 109 13 12 20 27 25 18 32 6 6 6 98 6 6 55 98 6 6 50036 51046 414 414 414 7031 7026 7001 7032 16 16 44 43 44 20 44 16 43 19 16 43 44 19 43 19 43 20 37 7045 6009 6005 6013 12 20 27 25 18 32 6 6 6 98 6 6 55 98 6 6 50036 51046 414 414 414 7026 44 43 7045 7001 16 16 16 16 16 1074 7031 1074 7002 6006 51047 50037 6009 6005 6013 109 13 12 20 27 25 18 32 6 6 6 98 6 6 55 98 6 6 50036 51046 414 414 414 7026 7001 1074 7031 6006 1074 7002 6009 6005 6013 51047 50037 109 13 12 20 27 25 18 32 6 6 6 98 6 6 55 98 6 6 50036 51046 414 414 414 7026 7001 414 1074 7031 1074 7002 6006 51047 50037 6009 6005 6013 109 13 12 20 27 25 18 32 6 6 6 98 6 6 55 98 6 6 50036 51046 414 414 414 7026 7001 1074 7031 6006 1074 7002 51047 50037 6009 6005 6013 109 13 12 20 27 25 18 32 6
7040 7040 44 43 7045 19 7040 7040 7040 44 43 7045 19 7040 7040 7040 44 43 7045 19 7040 7040 7040 44 43 7045 19 7040 7040 7040 44 43 7045 19 7040
1074 7031 6006 7002 51047 50037 6009 6005 6013 16 109 13 12 20 27 25 18 32 6 6 6 98 6 6 55 98 6 6 50036 51046 414 414 414 7026 7001 7040 10016 44 43 20 7045 43 19 1074 7031 6006 7002 51047 50037 6009 6005 6013 16 109 13 12 20 27 25 18 32 6 6 6 98 6 6 55 98 6 6 50036 51046 414 414 414 7026 7001 7040 10016 44 43 20 7045 43 19 1074 7031 6006 7002 51047 50037 6009 6005 6013 16 109 13 12 20 27 25 18 32 6 6 6 98 6 6 55 98 6 6 50036 51046 414 414 414 7026 7001 7040 10016 44 43 20 7045 43 19 1074 7031 6006 7002 51047 50037 6009 6005 6013 16 109 13 12 20 27 25 18 32 6 6 6 98 6 6 55 98 6 6 50036 51046 414 414 414 7026 7001 7040 10016 44 43 20 7045 43 19 1074 7031 6006 7002 51047 50037 6009 6005 6013 16 109 13 12 20 27 25 18 32 6 6 6 98 6 6 55 98 6 6 50036 51046 414 414 414 7026 7001 7040 10016 44 43 20 7045 43 19
7040 7040 7040 7040 7040

7040 7040 7040 7040 7040
7040 7040 7040 15 7040 7045 1074 7031 7002 6006 51047 50037 6009 6005 6013 109 13 12 20 27 25 18 32 6 6 6 98 6 6 55 98 6 6 50036 51046 414 414 7001 7026 7040 7040 7040 15 7040 7045 1074 7031 7002 6006 51047 50037 6009 6005 6013 109 13 12 20 27 25 18 32 6 6 6 98 6 6 55 98 6 6 50036 51046 414 414 7001 7026 7040 7040 7040 15 7040 7045 1074 7031 7002 6006 51047 50037 6009 6005 6013 109 13 12 20 27 25 18 32 6 6 6 98 6 6 55 98 6 6 50036 51046 414 414 7001 7026 7040 7040 7040 15 7040 7045 1074 7031 7002 6006 51047 50037 6009 6005 6013 109 13 12 20 27 25 18 32 6 6 6 98 6 6 55 98 6 6 50036 51046 414 414 7001 7026 7040 15 7040 7045 1074 7031 7002 6006 51047 50037 6009 6005 6013 109 13 12 20 27 25 18 32 6 6 6 98 6 6 55 98 6 6 50036 51046 414 414 7001 7026 7040 7040
44 43 20 43 7045 19 7045 7040 44 43 20 43 7045 19 7045 7040 44 43 20 43 7045 19 7045 7040 44 43 20 43 7045 19 7045 7040 44 43 20 43 7045 19 7045 7040
6013 43 20 6013 43 20 6013 43 20 6013 43 20 6013 43 20
1014 1014 1014 1014 1014
26 26 26 26 26
7040 44 44 44 44 16 16 43 16 19 43 16 19 43 16 19 7040 7040 44 44 44 44 16 16 43 16 19 43 16 19 43 16 19 7040 7040 44 44 44 44 16 16 43 16 19 43 16 19 43 16 19 7040 19 43 16 19 7040 7040 44 44 44 44 16 16 43 16 19 43 16 7040 44 44 44 44 16 16 43 16 19 43 16 19 43 16 19 7040


7040 7040 12 12 3 4 1074 7031 6006 7002 51047 50037 6009 6005 6013 109 13 12 20 27 25 18 32 6 6 6 98 6 6 98 55 6 6 7040 7040 12 12 3 4 1074 7031 6006 7002 51047 50037 6009 6005 6013 109 13 12 20 27 25 18 32 6 6 6 98 6 6 98 55 6 6 50036 51046 414 414 7001 7026 12 12 50036 51046 414 414 7001 7026 12 12 7040 7040 12 12 3 4 1074 7031 6006 7002 51047 50037 6009 6005 6013 109 13 12 20 27 25 18 32 6 6 6 98 6 6 98 55 6 6 50036 51046 414 414 7001 7026 12 12 7040 7040 12 12 3 4 1074 7031 6006 7002 51047 50037 6009 6005 6013 109 13 12 20 27 25 18 32 6 6 6 98 6 6 98 55 6 6 50036 51046 414 414 7001 7026 12 12 7040 7040 12 12 3 4 1074 7031 6006 7002 51047 50037 6009 6005 6013 109 13 12 20 27 25 18 32 6 6 6 98 6 6 98 55 6 6 50036 51046 414 414 7001 7026 12 12
7040 7040 7040 7040 7040
6013 7040 7040 44 43 20 43 19 7045 7040 6013 7040 7040 44 43 20 43 19 7045 7040 6013 7040 7040 44 43 20 43 19 7045 7040 6013 7040 7040 44 43 20 43 19 7045 7040 6013 7040 7040 44 43 20 43 19 7045 7040


7040 44 44 44 44 16 16 43 19 16 16 16 43 19 43 19 16 43 20 7040 44 44 44 44 16 16 43 19 16 16 16 43 19 43 19 16 43 20 7040 44 44 44 44 16 16 43 19 16 16 16 43 19 43 19 16 43 20 7040 44 44 44 44 16 16 43 19 16 16 16 43 19 43 19 16 43 20 7040 44 44 44 44 16 16 43 19 16 16 16 43 19 43 19 16 43 20
7040 7040 7040 7040 7040

7040 37 1 35 1 1 7040 3 4 3 4 1074 7031 7002 6006 51047 50037 6009 6005 6013 109 13 12 20 27 25 18 32 6 6 6 98 6 6 55 98 6 6 50036 51046 414 414 7001 7026 7045 7040 37 1 35 1 1 7040 3 4 3 4 1074 7031 7002 6006 51047 50037 6009 6005 6013 109 13 12 20 27 25 18 32 6 6 6 98 6 6 55 98 6 6 50036 51046 414 414 7001 7026 7045 7040 37 1 35 1 1 7040 3 4 3 4 1074 7031 7002 6006 51047 50037 6009 6005 6013 109 13 12 20 27 25 18 32 6 6 6 98 6 6 55 98 6 6 50036 51046 414 414 7001 7026 7045 7040 37 1 35 1 1 7040 3 4 3 4 1074 7031 7002 6006 51047 50037 6009 6005 6013 109 13 12 20 27 25 18 32 6 6 6 98 6 6 55 98 6 6 50036 51046 414 414 7001 7026 7045 7040 37 1 35 1 1 7040 3 4 3 4 1074 7031 7002 6006 51047 50037 6009 6005 6013 109 13 12 20 27 25 18 32 6 6 6 98 6 6 55 98 6 6 50036 51046 414 414 7001 7026 7045
7040 7040 7040 7040 7040
6013 7040 7040 44 44 44 43 20 7023 7023 7023 7023 7023 7023 7023 7023 7023 7023 7023 7023 7023 7023 7023 7023 7023 7023 7023 43 19 43 19 43 19 7045 43 20 7040 6013 7040 7040 44 44 44 43 20 7023 7023 7023 7023 7023 7023 7023 7023 7023 7023 7023 7023 7023 7023 7023 7023 7023 7023 7023 43 19 43 19 43 19 7045 43 20 7040 6013 7040 7040 44 44 44 43 20 7023 7023 7023 7023 7023 7023 7023 7023 7023 7023 7023 7023 7023 7023 7023 7023 7023 7023 7023 43 19 43 19 43 19 7045 43 20 7040 6013 7040 7040 44 44 44 43 20 7023 7023 7023 7023 7023 7023 7023 7023 7023 7023 7023 7023 7023 7023 7023 7023 7023 7023 7023 43 19 43 19 43 19 7045 43 20 7040 6013 7040 7040 44 44 44 43 20 7023 7023 7023 7023 7023 7023 7023 7023 7023 7023 7023 7023 7023 7023 7023 7023 7023 7023 7023 43 19 43 19 43 19 7045 43 20 7040

7040 44 43 7045 19 7040 7040 44 43 7045 19 7040 7040 44 43 7045 19 7040 7040 44 43 7045 19 7040 7040 44 43 7045 19 7040
7040 44 16 16 16 43 19 43 16 16 19 43 19 43 20 7040 7040 44 16 16 16 43 19 43 16 16 19 43 19 43 20 7040 7040 44 16 16 16 43 19 43 16 16 19 43 19 43 20 7040 7040 44 16 16 16 43 19 43 16 16 19 43 19 43 20 7040 7040 44 16 16 16 43 19 43 16 16 19 43 19 43 20 7040


7040 44 43 7045 36888 36888 19 36888 36888 7040 7040 44 43 7045 36888 36888 19 36888 36888 7040 7040 44 43 7045 36888 36888 19 36888 36888 7040 7040 44 43 7045 36888 36888 19 36888 36888 7040 7040 44 43 7045 36888 36888 19 36888 36888 7040
36888 36888 36888 36888 36888 36888 36888 36888 36888 36888
6013 7040 44 43 20 43 19 7045 7040 6013 7040 44 43 20 43 19 7045 7040 6013 7040 44 43 20 43 19 7045 7040 6013 7040 44 43 20 43 19 7045 7040 6013 7040 44 43 20 43 19 7045 7040

7040 44 43 7045 19 7040 7040 7040 36888 36888 7040 44 43 7045 19 7040 7040 7040 36888 36888 7040 44 43 7045 19 7040 7040 7040 36888 36888 7040 44 43 7045 19 7040 7040 7040 36888 36888 7040 44 43 7045 19 7040 7040 7040 36888 36888
16 16 16 7040 43 19 43 44 19 16 16 43 44 19 44 43 16 16 16 19 16 43 44 16 16 16 16 16 19 43 44 19 43 44 16 16 16 19 43 44 16 16 16 16 16 16 19 43 44 19 43 44 16 20 43 44 16 16 19 43 44 44 16 16 44 16 44 44 44 19 44 16 16 43 16 44 19 43 16 44 19 43 16 44 16 19 43 19 43 44 16 16 16 44 19 43 44 16 44 44 19 43 16 44 16 16 16 19 43 16 19 43 19 43 16 16 19 43 19 16 16 16 43 19 43 16 16 16 19 43 19 43 16 16 19 43 19 43 19 7040 16 16 16 7040 43 19 43 44 19 16 16 43 44 19 44 43 16 16 16 19 16 43 44 16 16 16 16 16 19 43 44 19 43 44 16 16 16 19 43 44 16 16 16 16 16 16 19 43 44 19 43 44 16 20 43 44 16 16 19 43 44 44 16 16 44 16 44 44 44 19 44 16 16 43 16 44 19 43 16 44 19 43 16 44 16 19 43 19 43 44 16 16 16 44 19 43 44 16 44 44 19 43 16 44 16 16 16 19 43 16 19 43 19 43 16 16 19 43 19 16 16 16 43 19 43 16 16 16 19 43 19 43 16 16 19 43 19 43 19 7040 16 16 16 7040 43 19 43 44 19 16 16 43 44 19 44 43 16 16 16 19 16 43 44 16 16 16 16 16 19 43 44 19 43 44 16 16 16 19 43 44 16 16 16 16 16 16 19 43 44 19 43 44 16 20 43 44 16 16 19 43 44 44 16 16 44 16 44 44 44 19 44 16 16 43 16 44 19 43 16 44 19 43 16 44 16 19 43 19 43 44 16 16 16 44 19 43 44 16 44 44 19 43 16 44 16 16 16 19 43 16 19 43 19 43 16 16 19 43 19 16 16 16 43 19 43 16 16 16 19 43 19 43 16 16 19 43 19 43 19 7040 16 16 16 7040 43 19 43 44 19 16 16 43 44 19 44 43 16 16 16 19 16 43 44 16 16 16 16 16 19 43 44 19 43 44 16 16 16 19 43 44 16 16 16 16 16 16 19 43 44 19 43 44 16 20 43 44 16 16 19 43 44 44 16 16 44 16 44 44 44 19 44 16 16 43 16 44 19 43 16 44 19 43 16 44 16 19 43 19 43 44 16 16 16 44 19 43 44 16 44 44 19 43 16 44 16 16 16 19 43 16 19 43 19 43 16 16 19 43 19 16 16 16 43 19 43 16 16 16 19 43 19 43 16 16 19 43 19 43 19 7040 16 16 16 7040 43 19 43 44 19 16 16 43 44 19 44 43 16 16 16 19 16 43 44 16 16 16 16 16 19 43 44 19 43 44 16 16 16 19 43 44 16 16 16 16 16 16 19 43 44 19 43 44 16 20 43 44 16 16 19 43 44 44 16 16 44 16 44 44 44 19 44 16 16 43 16 44 19 43 16 44 19 43 16 44 16 19 43 19 43 44 16 16 16 44 19 43 44 16 44 44 19 43 16 44 16 16 16 19 43 16 19 43 19 43 16 16 19 43 19 16 16 16 43 19 43 16 16 16 19 43 19 43 16 16 19 43 19 43 19 7040

16 16 16 16 16


6013 6013 6013 6013 6013
7040 44 44 7023 7023 7023 7023 7023 7023 7023 7023 7023 7023 43 19 43 7045 15 19 7040 44 44 7023 7023 7023 7023 7023 7023 7023 7023 7023 7023 43 19 43 7045 15 19 7040 44 44 7023 7023 7023 7023 7023 7023 7023 7023 7023 7023 43 19 43 7045 15 19 7040 44 44 7023 7023 7023 7023 7023 7023 7023 7023 7023 7023 43 19 43 7045 15 19 7040 44 44 7023 7023 7023 7023 7023 7023 7023 7023 7023 7023 43 19 43 7045 15 19
7040 43 20 16 16 16 7040 43 19 43 44 16 16 19 43 19 43 20 7040 43 20 16 16 16 7040 43 19 43 44 16 16 19 43 19 43 20 7040 43 20 16 16 16 7040 43 19 43 44 16 16 19 43 19 43 20 7040 43 20 16 16 16 7040 43 19 43 44 16 16 19 43 19 43 20 7040 43 20 16 16 16 7040 43 19 43 44 16 16 19 43 19 43 20
7040 7040 7040 7040 7040

36888 36888 36888 36888 36888 36888 36888 36888 36888 36888
7040 44 43 7045 19 7040 16 16 7040 1502 1074 7031 6006 7002 51047 50037 6009 6005 6013 109 13 12 20 27 25 18 32 6 6 6 98 6 6 55 98 16 16 16 16 16 16 16 6 6 16 50036 51046 414 414 414 414 414 414 414 414 7026 7001 7040 44 43 7045 19 7040 16 16 7040 1502 1074 7031 6006 7002 51047 50037 6009 6005 6013 109 13 12 20 27 25 18 32 6 6 6 98 6 6 55 98 16 16 16 16 16 16 16 6 6 16 50036 51046 414 414 414 414 414 414 414 414 7026 7001 7040 44 43 7045 19 7040 16 16 7040 1502 1074 7031 6006 7002 51047 50037 6009 6005 6013 109 13 12 20 27 25 18 32 6 6 6 98 6 6 55 98 16 16 16 16 16 16 16 6 6 16 50036 51046 414 414 414 414 414 414 414 414 7026 7001 7040 44 43 7045 19 7040 16 16 7040 1502 1074 7031 6006 7002 51047 50037 6009 6005 6013 109 13 12 20 27 25 18 32 6 6 6 98 6 6 55 98 16 16 16 16 16 16 16 6 6 16 50036 51046 414 414 414 414 414 414 414 414 7026 7001 7040 44 43 7045 19 7040 16 16 7040 1502 1074 7031 6006 7002 51047 50037 6009 6005 6013 109 13 12 20 27 25 18 32 6 6 6 98 6 6 55 98 16 16 16 16 16 16 16 6 6 16 50036 51046 414 414 414 414 414 414 414 414 7026 7001
7040 7040 7040 7040 7040
6013 6013 6013 6013 6013


7040 44 44 44 44 16 43 19 16 16 16 16 43 19 43 19 43 20 7040 44 44 44 44 16 43 19 16 16 16 16 43 19 43 19 43 20 7040 44 44 44 44 16 43 19 16 16 16 16 43 19 43 19 43 20 7040 44 44 44 44 16 43 19 16 16 16 16 43 19 43 19 43 20 7040 44 44 44 44 16 43 19 16 16 16 16 43 19 43 19 43 20
7040 7040 7040 7040 7040

7040 44 44 10016 44 43 7045 19 7040 44 44 10016 44 43 7045 19 7040 44 44 10016 44 43 7045 19 7040 44 44 10016 44 43 7045 19 7040 44 44 10016 44 43 7045 19
7040 7040 44 7040 7040 44 7040 7040 44 7040 7040 44 7040 7040 44 7040 7040 44 7040 7040 44 7040 7040 44 7040 7040 44 7040 7040 44 7040 7040 44 7040 7040 44 7040 7040 44 7040 7040 44 7040 7040 44
6013 7040 7040 44 7040 7040 44 6013 7040 7040 44 7040 7040 44 6013 7040 7040 44 7040 7040 44 6013 7040 7040 44 7040 7040 44 6013 7040 7040 44 7040 7040 44
7040 26 7031 7040 26 7031 7040 26 7031 7040 26 7031 7040 26 7031



7040 44 7040 44 7040 44 7040 44 7040 44
10016 10016 10016 10016 10016
44 44 44 44 44
6013 16 16 44 7040 6013 16 16 44 7040 6013 16 16 44 7040 6013 16 16 44 7040 6013 16 16 44 7040





44 7040 36888 36888 44 7040 36888 36888 44 7040 36888 36888 44 7040 36888 36888 44 7040 36888 36888

6013 6013 6013 6013 6013

36888 36888 36888 36888 36888 36888 36888 36888 36888 36888

16 16 16 16 16

36888 36888 36888 36888 36888 36888 36888 36888 36888 36888
36888 36888 36888 36888 36888 36888 36888 36888 36888 36888
6013 6013 6013 6013 6013

36888 36888 36888 36888 36888 36888 36888 36888 36888 36888 36888 36888 36888 36888 36888 36888 36888 36888 36888 36888
44 44 44 16 16 43 19 16 43 44 19 43 20 44 44 44 16 16 43 19 16 43 44 19 43 20 44 44 44 16 16 43 19 16 43 44 19 43 20 44 44 44 16 16 43 19 16 43 44 19 43 20 44 44 44 16 16 43 19 16 43 44 19 43 20

36888 36888 36888 36888 36888 36888 36888 36888 36888 36888

16 16 16 16 16
6013 6013 6013 6013 6013


44 44 44 43 44 16 20 44 44 44 43 44 16 20 44 44 44 43 44 16 20 44 44 44 43 44 16 20 44 44 44 43 44 16 20
36888 36888 36888 36888 36888 36888 36888 36888 36888 36888



6013 16 6013 16 6013 16 6013 16 6013 16

36888 36888 16 36888 36888 16 36888 36888 16 36888 36888 16 36888 36888 16


36888 36888 16 1014 36888 36888 16 1014 36888 36888 16 1014 36888 36888 16 1014 36888 36888 16 1014


6013 16 16 16 6013 16 16 16 6013 16 16 16 6013 16 16 16 6013 16 16 16







6013 16 16 6013 16 16 6013 16 16 6013 16 16 6013 16 16




36888 36888 36888 36888 36888 36888 36888 36888 36888 36888 36888 36888 36888 36888 36888


6013 6013 6013 6013 6013



16 16 16 16 16 16 16 16 16 16 16 16 16 16 16



6013 6013 6013 6013 6013

36888 36888 36888 36888 36888 36888 36888 36888 36888 36888



36888 36888 36888 36888 36888 36888 36888 36888 36888 36888

6013 6006 1074 7031 7002 51047 50037 16 109 13 6013 6006 1074 7031 7002 51047 50037 16 109 13 6013 6006 1074 7031 7002 51047 50037 16 109 13 6013 6006 1074 7031 7002 51047 50037 16 109 13 6013 6006 1074 7031 7002 51047 50037 16 109 13
44 43 44 44 7040 7040 16 16 16 19 43 44 7045 20 37 7040 16 16 16 7040 6009 6005 6013 12 20 27 25 18 32 6 6 6 98 6 6 55 98 16 16 16 16 16 16 16 16 6 6 50036 51046 414 414 414 414 414 414 414 414 7026 7001 16 16 16 16 16 16 10016 10016 44 44 43 44 44 7040 7040 16 16 16 19 43 44 7045 20 37 7040 16 16 16 7040 6009 6005 6013 12 20 27 25 18 32 6 6 6 98 6 6 55 98 16 16 16 16 16 16 16 16 6 6 50036 51046 414 414 414 414 414 414 414 414 7026 7001 16 16 16 16 16 16 10016 10016 44 6009 6005 6013 12 20 27 25 18 32 6 6 6 98 6 6 55 98 16 16 16 16 16 16 16 16 6 6 50036 51046 414 414 414 414 414 414 414 414 7026 7001 16 16 16 16 16 16 10016 10016 44 44 43 44 44 7040 7040 16 16 16 19 43 44 7045 20 37 7040 16 16 16 7040 6009 6005 6013 12 20 27 25 18 32 6 6 6 98 6 6 55 98 16 16 16 16 16 16 16 16 6 6 50036 51046 414 414 414 414 414 414 414 414 7026 7001 16 16 16 16 16 16 10016 10016 44 44 43 44 44 7040 7040 16 16 16 19 43 44 7045 20 37 7040 16 16 16 7040 6009 6005 6013 12 20 27 25 18 32 6 6 6 98 6 6 55 98 16 16 16 16 16 16 16 16 6 6 50036 51046 414 414 414 414 414 414 414 414 7026 7001 16 16 16 16 16 16 10016 10016 44 44 43 44 44 7040 7040 16 16 16 19 43 44 7045 20 37 7040 16 16 16 7040
44 16 16 16 43 19 44 16 16 16 43 19 44 16 16 16 43 19 44 16 16 16 43 19 44 16 16 16 43 19




98 6 6 50036 51046 414 414 414 414 414 414 414 414 7026 7001 1074 7031 6006 7002 51047 50037 109 13 12 20 27 25 18 32 6 6 6 98 6 6 55 98 6009 6005 6013 6 6 50036 51046 414 414 414 414 414 414 414 414 7026 7001 44 44 1074 7031 6006 7002 51047 50037 6009 6005 6013 109 13 12 20 27 25 18 32 6 6 6 98 6 6 55 98 6 6 50036 51046 414 414 414 414 414 414 414 414 7026 7001 1074 7031 6006 7002 51047 50037 109 13 12 20 27 25 18 32 6 6 6 98 6 6 55 98 6009 6005 6013 6 6 50036 51046 414 414 414 414 414 414 414 414 7026 7001 44 44 1074 7031 6006 7002 51047 50037 6009 6005 6013 109 13 12 20 27 25 18 32 6 6 6 98 6 6 55 98 6 6 50036 51046 414 414 414 414 414 414 414 414 7026 7001 1074 7031 6006 7002 51047 50037 109 13 12 20 27 25 18 32 6 6 6 98 6 6 55 98 6009 6005 6013 6 6 50036 51046 414 414 414 414 414 414 414 414 7026 7001 44 44 1074 7031 6006 7002 51047 50037 6009 6005 6013 109 13 12 20 27 25 18 32 6 6 6 98 6 6 55 98 6 6 50036 51046 414 414 414 414 414 414 414 414 7026 7001 1074 7031 6006 7002 51047 50037 109 13 12 20 27 25 18 32 6 6 6 98 6 6 55 98 6009 6005 6013 6 6 50036 51046 414 414 414 414 414 414 414 414 7026 7001 44 44 1074 7031 6006 7002 51047 50037 6009 6005 6013 109 13 12 20 27 25 18 32 6 6 6 98 6 6 55 98 6 6 50036 51046 414 414 414 414 414 414 414 414 7026 7001 1074 7031 6006 7002 51047 50037 109 13 12 20 27 25 18 32 6 6 6 98 6 6 55 98 6009 6005 6013 6 6 50036 51046 414 414 414 414 414 414 414 414 7026 7001 44 44 1074 7031 6006 7002 51047 50037 6009 6005 6013 109 13 12 20 27 25 18 32 6 6 6 98 6 6 55
6013 44 6013 44 6013 44 6013 44 6013 44


44 44 44 44 44
44 44 44 44 44
44 44 44 44 44 44 44 44 44 44
44 44 44 44 44
10016 43 1074 7031 7002 6006 51047 6009 6005 6013 50037 109 13 12 20 27 25 18 32 6 6 6 98 6 6 55 98 6 6 50036 51046 414 414 414 414 414 414 414 414 7001 7026 43 19 7045 44 10016 43 1074 7031 7002 6006 51047 6009 6005 6013 50037 109 13 12 20 27 25 18 32 6 6 6 98 6 6 55 98 6 6 50036 51046 414 414 414 414 414 414 414 414 7001 7026 43 19 7045 44 10016 43 1074 7031 7002 6006 51047 6009 6005 6013 50037 109 13 12 20 27 25 18 32 6 6 6 98 6 6 55 98 6 6 50036 51046 414 414 414 414 414 414 414 414 7001 7026 43 19 7045 44 10016 43 1074 7031 7002 6006 51047 6009 6005 6013 50037 109 13 12 20 27 25 18 32 6 6 6 98 6 6 55 98 6 6 50036 51046 414 414 414 414 414 414 414 414 7001 7026 43 19 7045 44 10016 43 1074 7031 7002 6006 51047 6009 6005 6013 50037 109 13 12 20 27 25 18 32 6 6 6 98 6 6 55 98 6 6 50036 51046 414 414 414 414 414 414 414 414 7001 7026 43 19 7045 44
6013 44 6013 44 6013 44 6013 44 6013 44
44 44 44 44 44
44 44 44 44 44
44 44 44 44 44
44 44 44 44 44
1014 16 44 1014 16 44 1014 16 44 1014 16 44 1014 16 44
44 1074 7031 7002 6006 51047 50037 6009 6005 6013 109 13 12 20 27 25 18 32 6 6 6 98 6 6 55 98 6 6 50036 51046 414 414 414 414 414 414 414 414 7001 7026 10016 44 1074 7031 7002 6006 51047 50037 6009 6005 6013 109 13 12 20 27 25 18 32 6 6 6 98 6 6 55 98 6 6 50036 51046 414 414 414 414 414 414 414 414 7001 7026 10016 44 1074 7031 7002 6006 51047 50037 6009 6005 6013 109 13 12 20 27 25 18 32 6 6 6 98 6 6 55 98 6 6 50036 51046 414 414 414 414 414 414 414 414 7001 7026 10016 44 1074 7031 7002 6006 51047 50037 6009 6005 6013 109 13 12 20 27 25 18 32 6 6 6 98 6 6 55 98 6 6 50036 51046 414 414 414 414 414 414 414 414 7001 7026 10016 44 1074 7031 7002 6006 51047 50037 6009 6005 6013 109 13 12 20 27 25 18 32 6 6 6 98 6 6 55 98 6 6 50036 51046 414 414 414 414 414 414 414 414 7001 7026 10016

6013 44 6013 44 6013 44 6013 44 6013 44
36888 36888 36888 36888 36888 36888 36888 36888 36888 36888
44 44 44 44 44

44 44 44 44 44
44 44 44 44 44
44 10016 1074 7031 6006 7002 51047 6009 6005 6013 50037 109 13 12 20 27 25 18 32 6 6 6 98 6 6 55 98 6 6 50036 51046 414 414 414 414 414 414 414 414 7026 7001 44 10016 1074 7031 6006 7002 51047 6009 6005 6013 50037 109 13 12 20 27 25 18 32 6 6 6 98 6 6 55 98 6 6 50036 51046 414 414 414 414 414 414 414 414 7026 7001 44 10016 1074 7031 6006 7002 51047 6009 6005 6013 50037 109 13 12 20 27 25 18 32 6 6 6 98 6 6 55 98 6 6 50036 51046 414 414 414 414 414 414 414 414 7026 7001 44 10016 1074 7031 6006 7002 51047 6009 6005 6013 50037 109 13 12 20 27 25 18 32 6 6 6 98 6 6 55 98 6 6 50036 51046 414 414 414 414 414 414 414 414 7026 7001 44 10016 1074 7031 6006 7002 51047 6009 6005 6013 50037 109 13 12 20 27 25 18 32 6 6 6 98 6 6 55 98 6 6 50036 51046 414 414 414 414 414 414 414 414 7026 7001
16 44 43 19 7045 16 44 43 19 7045 16 44 43 19 7045 16 44 43 19 7045 16 44 43 19 7045
6013 6013 6013 6013 6013





1074 7031 6006 7002 51047 50037 6009 6005 6013 109 13 12 20 27 25 18 32 6 6 6 98 6 6 55 98 6 6 50036 51046 414 414 414 414 414 414 414 414 7001 7026 44 44 1074 7031 6006 7002 51047 50037 6009 6005 6013 109 13 12 20 27 25 18 32 6 6 6 98 6 6 55 98 6 6 50036 51046 414 414 414 414 414 414 414 414 7001 7026 44 44 1074 7031 6006 7002 51047 50037 6009 6005 6013 109 13 12 20 27 25 18 32 6 6 6 98 6 6 55 98 6 6 50036 51046 414 414 414 414 414 414 414 414 7001 7026 44 44 1074 7031 6006 7002 51047 50037 6009 6005 6013 109 13 12 20 27 25 18 32 6 6 6 98 6 6 55 98 6 6 50036 51046 414 414 414 414 414 414 414 414 7001 7026 44 44 1074 7031 6006 7002 51047 50037 6009 6005 6013 109 13 12 20 27 25 18 32 6 6 6 98 6 6 55 98 6 6 50036 51046 414 414 414 414 414 414 414 414 7001 7026 44 44
44 44 44 44 44
6013 6013 6013 6013 6013
44 44 44 44 44
1014 1014 1014 1014 1014
44 44 44 44 44
44 44 44 44 44
44 7040 16 7040 7045 44 7040 16 7040 7045 44 7040 16 7040 7045 44 7040 16 7040 7045 44 7040 16 7040 7045
1074 7031 7002 6006 51047 50037 6009 6005 6013 109 13 12 20 27 25 18 32 6 6 6 98 6 6 55 98 6 6 50036 51046 414 414 414 414 414 414 414 414 7026 7001 43 19 7045 1074 7031 7002 6006 51047 50037 6009 6005 6013 109 13 12 20 27 25 18 32 6 6 6 98 6 6 55 98 6 6 50036 51046 414 414 414 414 414 414 414 414 7026 7001 43 19 7045 1074 7031 7002 6006 51047 50037 6009 6005 6013 109 13 12 20 27 25 18 32 6 6 6 98 6 6 55 98 6 6 50036 51046 414 414 414 414 414 414 414 414 7026 7001 43 19 7045 1074 7031 7002 6006 51047 50037 6009 6005 6013 109 13 12 20 27 25 18 32 6 6 6 98 6 6 55 98 6 6 50036 51046 414 414 414 414 414 414 414 414 7026 7001 43 19 7045 1074 7031 7002 6006 51047 50037 6009 6005 6013 109 13 12 20 27 25 18 32 6 6 6 98 6 6 55 98 6 6 50036 51046 414 414 414 414 414 414 414 414 7026 7001 43 19 7045

6013 44 7040 16 7040 6013 44 7040 16 7040 6013 44 7040 16 7040 6013 44 7040 16 7040 6013 44 7040 16 7040

44 44 44 44 44 44 44 44
44 44 44 44
44 10400 44 44 10400 44 44 10400 44 44 10400 44

10016 1074 7031 6006 7002 51047 50037 6009 6005 6013 109 13 12 20 27 25 18 32 6 6 6 98 6 6 55 98 6 6 50036 414 51046 414 414 414 414 414 414 414 7026 7001 10016 10016 10010 44 44 44 43 37 7045 19 7045 10016 1074 7031 6006 7002 51047 50037 6009 6005 6013 109 13 12 20 27 25 18 32 6 6 6 98 6 6 55 98 6 6 50036 414 51046 414 414 414 414 414 414 414 7026 7001 10016 10016 10010 44 44 44 43 37 7045 19 7045 10016 1074 7031 6006 7002 51047 50037 6009 6005 6013 109 13 12 20 27 25 18 32 6 6 6 98 6 6 55 98 6 6 50036 414 51046 414 414 414 414 414 414 414 7026 7001 10016 10016 10010 44 44 44 43 37 7045 19 7045 10016 1074 7031 6006 7002 51047 50037 6009 6005 6013 109 13 12 20 27 25 18 32 6 6 6 98 6 6 55 98 6 6 50036 414 51046 414 414 414 414 414 414 414 7026 7001 10016 10016 10010 44 44 44 43 37 7045 19 7045

6013 6013 6013 6013





10016 36 10016 36 10016 36
44 16 16 16 44 16 16 16 44 16 16 16
6013 6013 6013





10016 10016 10016

6013 36888 36888 6013 36888 36888 6013 36888 36888
1074 7031 6006 7002 51047 50037 6009 6005 6013 16 109 13 12 20 27 25 18 32 6 6 6 98 6 6 55 98 16 16 16 16 16 16 16 16 6 6 50036 51046 414 414 414 414 414 414 414 414 7001 7026 16 16 16 16 16 15 44 7045 43 19 7045 44 44 1074 7031 6006 7002 51047 50037 6009 6005 6013 16 109 13 12 20 27 25 18 32 6 6 6 98 6 6 55 98 16 16 16 16 16 16 16 16 6 6 50036 51046 414 414 414 414 414 414 414 414 7001 7026 16 16 16 16 16 15 44 7045 43 19 7045 44 44 1074 7031 6006 7002 51047 50037 6009 6005 6013 16 109 13 12 20 27 25 18 32 6 6 6 98 6 6 55 98 16 16 16 16 16 16 16 16 6 6 50036 51046 414 414 414 414 414 414 414 414 7001 7026 16 16 16 16 16 15 44 7045 43 19 7045 44 44



36888 36888 36888 36888 36888 36888


6013 6013 6013
10016 10016 10016
16 44 16 44 16 44



1074 7031 6006 7002 51047 50037 6009 6005 6013 109 13 12 20 27 25 18 32 6 6 6 98 6 6 55 98 6 6 50036 51046 414 414 414 414 414 414 414 414 7001 7026 44 43 19 7045 1074 7031 6006 7002 51047 50037 6009 6005 6013 109 13 12 20 27 25 18 32 6 6 6 98 6 6 55 98 6 6 50036 51046 414 414 414 414 414 414 414 414 7001 7026 44 43 19 7045 1074 7031 6006 7002 51047 50037 6009 6005 6013 109 13 12 20 27 25 18 32 6 6 6 98 6 6 55 98 6 6 50036 51046 414 414 414 414 414 414 414 414 7001 7026 44 43 19 7045

6013 6013 6013





36888 36888 1074 7031 6006 7002 51047 6009 6005 6013 50037 109 13 12 20 27 25 18 32 6 6 6 98 6 6 55 98 6 6 50036 51046 414 414 414 414 414 414 414 414 7001 7026 44 7040 16 7045 7040 16 36888 36888 1074 7031 6006 7002 51047 6009 6005 6013 50037 109 13 12 20 27 25 18 32 6 6 6 98 6 6 55 98 6 6 50036 51046 414 414 414 414 414 414 414 414 7001 7026 44 7040 16 7045 7040 16 36888 36888 1074 7031 6006 7002 51047 6009 6005 6013 50037 109 13 12 20 27 25 18 32 6 6 6 98 6 6 55 98 6 6 50036 51046 414 414 414 414 414 414 414 414 7001 7026 44 7040 16 7045 7040 16
36888 36888 36888 36888 36888 36888
6013 6013 6013





1074 7031 6006 7002 51047 6009 6005 6013 50037 109 13 12 20 27 25 18 32 6 6 6 98 6 6 55 98 6 6 50036 51046 414 414 414 414 414 414 414 414 7026 7001 44 43 19 7045 1074 7031 6006 7002 51047 6009 6005 6013 50037 109 13 12 20 27 25 18 32 6 6 6 98 6 6 55 98 6 6 50036 51046 414 414 414 414 414 414 414 414 7026 7001 44 43 19 7045 1074 7031 6006 7002 51047 6009 6005 6013 50037 109 13 12 20 27 25 18 32 6 6 6 98 6 6 55 98 6 6 50036 51046 414 414 414 414 414 414 414 414 7026 7001 44 43 19 7045
36888 36888 36888 36888 36888 36888
6013 6013 6013

44 44 44 16 16 16 43 16 16 16 19 43 44 19 43 16 44 16 19 44 16 16 16 16 43 19 43 16 16 19 44 16 43 20 43 20 44 44 44 16 16 16 43 16 16 16 19 43 44 19 43 16 44 16 19 44 16 16 16 16 43 19 43 16 16 19 44 16 43 20 43 20 44 44 44 16 16 16 43 16 16 16 19 43 44 19 43 16 44 16 19 44 16 16 16 16 43 19 43 16 16 19 44 16 43 20 43 20



50036 414 414 414 51046 414 414 414 414 414 7001 7026 36888 44 37 7045 1074 7031 6006 7002 51047 50037 6009 6005 6013 109 13 12 20 27 25 18 32 6 6 6 98 6 6 55 98 6 6 50036 414 414 414 51046 414 414 414 414 414 7001 7026 36888 44 37 7045 1074 7031 6006 7002 51047 50037 6009 6005 6013 109 13 12 20 27 25 18 32 6 6 6 98 6 6 55 98 6 6 50036 414 414 414 51046 414 414 414 414 414 7001 7026 36888 44 37 7045 1074 7031 6006 7002 51047 50037 6009 6005 6013 109 13 12 20 27 25 18 32 6 6 6 98 6 6 55 98 6 6

6013 6013 6013


44 44 44 44 16 16 43 19 16 16 16 43 44 19 43 16 16 19 43 19 44 44 43 20 43 20 43 20 44 44 44 44 16 16 43 19 16 16 16 43 44 19 43 16 16 19 43 19 44 44 43 20 43 20 43 20


44 10016 44 43 36 19 7045 44 10016 44 43 36 19 7045

6013 6013


44 44 44 16 43 19 16 16 16 16 43 44 19 43 16 16 44 19 43 19 44 44 44 44 44 16 43 19 16 16 16 16 43 44 19 43 16 16 44 19 43 19 44 44
16 16 16 16 16 16

10016 10016

6013 6013





6 98 6 6 55 98 16 16 16 16 16 16 16 16 6 6 50036 51046 414 414 414 414 414 414 414 414 7026 7001 16 16 16 16 16 16 12 12 44 43 19 7045 1074 7031 6006 7002 51047 50037 6009 6005 6013 16 109 13 12 20 27 25 18 32 6 6 6 98 6 6 55 98 16 16 16 16 16 16 16 16 6 6 50036 51046 414 414 414 414 414 414 414 414 7026 7001 16 16 16 16 16 16 12 12 44 43 19 7045 1074 7031 6006 7002 51047 50037 6009 6005 6013 16 109 13 12 20 27 25 18 32 6 6
36888 36888 44 44 36888 36888 36888 36888 36888 36888 36888 36888 36888 36888 44 44 36888 36888 36888 36888 36888 36888 36888 36888
6013 6013

16 44 44 44 16 16 43 19 16 43 44 19 43 44 16 16 16 16 19 43 19 16 44 44 44 16 16 43 19 16 43 44 19 43 44 16 16 16 16 19 43 19



1074 7031 6006 7002 51047 50037 6009 6005 6013 109 13 12 20 27 25 18 32 6 6 6 98 6 6 55 98 6 6 50036 414 414 51046 414 414 414 414 414 414 7001 7026 44 7045 1074 7031 6006 7002 51047 50037 6009 6005 6013 109 13 12 20 27 25 18 32 6 6 6 98 6 6 55 98 6 6 50036 414 414 51046 414 414 414 414 414 414 7001 7026 44 7045

6013 6013
36888 36888 36888 36888

44 44 44 44 16 43 19 16 16 43 44 19 43 16 16 16 16 19 43 19 44 43 20 43 20 44 44 44 44 16 43 19 16 16 43 44 19 43 16 16 16 16 19 43 19 44 43 20 43 20


36888 36888 10016 1074 7031 6006 7002 6009 6005 6013 51047 50037 109 13 12 20 27 25 18 32 6 6 6 98 6 6 55 98 6 6 50036 51046 414 414 414 414 414 414 414 414 7001 7026 44 43 7045 19 7045 36888 36888 10016 1074 7031 6006 7002 6009 6005 6013 51047 50037 109 13 12 20 27 25 18 32 6 6 6 98 6 6 55 98 6 6 50036 51046 414 414 414 414 414 414 414 414 7001 7026 44 43 7045 19 7045

6013 6013


44 44 44 44 16 43 19 16 16 16 16 43 44 19 43 16 16 19 43 19 44 43 20 43 20 44 44 44 44 16 43 19 16 16 16 16 43 44 19 43 16 16 19 43 19 44 43 20 43 20
16 16

1074 7031 6006 7002 51047 50037 6009 6005 6013 109 13 12 20 27 25 18 32 6 6 6 98 6 6 55 98 6 6 50036 51046 414 414 414 414 414 414 414 414 7026 7001 44 7045 1074 7031 6006 7002 51047 50037 6009 6005 6013 109 13 12 20 27 25 18 32 6 6 6 98 6 6 55 98 6 6 50036 51046 414 414 414 414 414 414 414 414 7026 7001 44 7045

6013 6013


44 44 16 43 20 43 20


44 44 10016 44 43 20 1074 7031 6006 7002 51047 50037 6009 6005 6013 109 13 12 20 27 25 18 32 6 6 6 98 6 6 55 98 6 6 50036 51046 414 414 414 414 414 414 414 414 7026 7001 44 43 37 7045 19 7045

6013







