2400008
2001972
2010935
2100366 2100366 2100366 2100366
2100366 2100366 2100366 2100366 2100366 2100366 2100366 2100366 2100366
2002911
2019102
2010935
2010935
2001219
2010935
2010935
2010935 2010935
2001219
2010935
2101616
2001219
2010935
2100366 2100366 2100366 2100366
2010935
2010935
2019102
2001219
2001219
2010935
2010935
2010935
2001219
2010935
2001972 2001972 2001972
2025822
2001972
2001972
2001219 2001219 2001219 2001219
2010937 2010937 2010937 2010937
2527009
2010935
2001972
2011716
2001219 2001219 2001219 2001219
2001972
2001219
2016149 2016149 2016149 2016149 2016149 2016149
2016149 2016149 2016149 2016149 2016149 2016149 2016149
2016149 2016149 2016149 2016149 2016149 2016149 2016149
2001330
2027757 2027757 2027757 2027757 2027757
2016149 2016149 2016149 2016149 2016149 2016149 2016149
2001330
2016149 2016149 2016149 2016149 2016149 2016149 2016149
2016149 2016149 2016149 2016149 2016149 2016149 2016149
2043259 2043259 2043259
2001330
2027757 2027757 2027757
2010935
2001972
2001219
2001972
2100366 2100366 2100366 2100366 2100366 2100366 2100366 2100366
2010935
2010935
2001972
2001972 2001972 2001972 2001972 2001972
2001972 2001972
2101616 2101616 2101616 2101616
2101616
2001972 2001972 2001972
2400021 2400021
2001972
2400020
2010935
2010935
2100366 2100368 2100366 2100368 2100366 2100368 2100366 2100368 2100366 2100368 2100366 2100368 2100366 2100368 2100366 2100368
2001219 2001219 2001219 2001219 2001219 2001219 2001219 2001219 2001219
2001972 2001972
2001972 2001972
2001972
2001972 2001972 2001972 2001972
2010935
2001972
2001972
2100366 2100368 2100366 2100368 2100366 2100368
2100366 2100368 2100366 2100368 2100366 2100368 2100366 2100368 2100366 2100368 2100366 2100368 2100366 2100368 2100366 2100368 2100366 2100368 2100366 2100368 2100366 2100368 2100366 2100368 2100366 2100368 2100366 2100368 2100366 2100368 2100366 2100368 2100366 2100368 2100366 2100368 2100366 2100368 2100366 2100368 2100366 2100368 2100366 2100368 2100366 2100368 2100366 2100368 2100366 2100368 2100366 2100368 2100366 2100368 2100366 2100368 2100366 2100368
2010935
2008578 2011716 2008578 2011716 2011716 2011716 2011716 2008578 2011716 2011716 2011716 2011716 2011716 2011716 2011716 2011716 2008578 2011716 2008578 2011716 2011716 2008578 2011716 2011716 2008578 2011716 2011716 2011716 2011716 2011716 2011716 2011716 2011716 2008578 2011716 2011716 2011716 2008578 2011716 2008578 2011716 2011716 2011716 2011716 2011716 2008578 2011716 2011716 2011716 2011716 2011716 2011716 2011716 2011716 2011716 2011716 2008578 2011716 2011716 2011716 2011716 2011716 2008578 2011716 2008578 2011716 2008578 2011716 2008578 2011716 2011716 2011716 2011716 2008578 2011716 2008578 2011716 2011716 2011716 2011716 2011716 2011716 2011716 2011716 2011716 2011716 2011716 2011716 2008578 2011716 2011716 2011716 2011716 2011716 2011716 2011716 2011716 2011716 2011716 2011716 2011716 2011716
2001972
2001972 2001972
2001972
2001972
2100366 2100368 2100366 2100368
2100366 2100368 2100366 2100368 2100366 2100368 2100366 2100368 2100366 2100368 2100366 2100368 2100366 2100368 2100366 2100368 2100366 2100368 2100366 2100368 2100366 2100368 2100366 2100368 2100366 2100368 2100366 2100368 2100366 2100368 2100366 2100368 2100366 2100368 2100366 2100368
2100366 2100368 2100369 2100373
2008578 2011716 2011716 2011716 2011716 2011716 2011716
2001972 2001972 2001972 2001972 2001972
2001219
2001219
2001219
2010935
2010935
2010935 2010935
2001219
2010935
2010937 2010937 2010937 2010937 2010937 2010937 2010937 2010937 2010937 2010937 2010937 2010937 2010937 2010937 2010937 2010937 2010937 2010937 2010937 2010937 2010937 2010937 2010937 2010937 2010937 2010937 2010937
2008578 2011716 2011716 2011716 2008578 2011716 2008578 2011716
2010935
2100366 2100366 2100366 2100366
2100366 2100366 2100366 2100366 2100366
2100366 2100366 2100366 2100366 2100366 2100366
2100366 2100366 2100366 2100366 2100366 2100366 2100366 2100366 2100366
2100366 2100366 2100366 2100366 2100366 2100366 2100366 2100366 2100366 2100366 2100366 2100366 2100366 2100366 2100366 2100366 2100366 2100366 2100366 2100366 2100366 2100366 2100366 2100366 2100366 2100366 2100366 2100366 2100366 2100366 2100366 2100366 2100366 2100366 2100366 2100366 2100366 2100366 2100366 2100366
2100366 2100366 2100366 2100366 2100366
2100366 2100366 2100366 2100366 2100366 2100366 2100366 2100366
2100366 2100366 2100366 2100366 2100366 2100366 2100366 2100366
2100366 2100366
2100366 2100366 2100366 2100366 2100366 2100366 2100366 2100366 2100366 2100366 2100366 2100366 2100366
2100366 2100366 2100366 2100366 2100366 2100366 2100366 2100366 2100366 2100366 2100366 2100366 2100366 2100366 2100366 2100366 2100366 2100366 2100366 2100366 2100366 2100366 2100366 2100366 2100366 2100366 2100366 2100366 2100366 2100366 2100366 2100366 2100366 2100366 2100366 2100366 2100366 2100366 2100366 2100366 2100366 2100366 2100366 2100366
2100366 2100366
2100366 2100366
2100366 2100366 2100366 2100366 2100366 2100366 2100366 2100366 2100366 2100366 2100366 2100366 2100366 2100366 2100366 2100366
2001972 2001972 2001972 2001972
2001219
2001972
2010937 2010937 2010937 2010937 2010937 2010937 2010937 2010937 2010937 2010937 2010937 2010937 2010937 2010937 2010937 2010937 2010937 2010937 2010937 2010937 2010937 2010937 2010937 2010937 2010937 2010937 2010937 2010937 2010937 2010937 2010937 2010937 2010937 2010937 2010937 2010937 2010937 2010937 2010937 2010937 2010937 2010937 2010937 2010937 2010937 2010937 2010937 2010937
2001972
2403356 2403356 2403356 2403356 2403356 2403356
2400000
2400000
2400000
2001972 2001972 2001972 2001972 2001972
2001972 2001972 2001972 2001972
2001972 2001972 2001972 2001972 2001972 2001972 2001972 2001972 2001972 2001972 2001972
2001972
2001972
2011716 2011716
2001972
2001972
2010935
2001219
2010935
2100366 2100368 2100369 2100373
2010935
2010935 2010935 2010937
2010935
2010935
2010935
2010937 2010937 2010937 2010937 2010937 2010937 2010937 2010937 2010937 2010937 2010937 2010937 2010937 2010937 2010937 2010937 2010937 2010937 2010937 2010937 2010937 2010937 2010937 2010937 2010937 2010937 2010937 2010937 2010937 2010937 2010937 2010937 2010937 2010937 2010937 2010937 2010937 2010937 2010937 2010937 2010937 2010937 2010937 2010937
2010935
2019102 2019102
2522698
2100366 2100366 2100366 2100366 2100366 2100366 2100366 2100366
2100366 2100368 2100366 2100368
2100366 2100366
2100366 2100366
2100366 2100366 2100366 2100366 2100366 2100366 2100366 2100366 2100366 2100366 2100366 2100366 2100366
2100366 2100366 2100366 2100366 2100366 2100366 2100366 2100366
2100366 2100368 2100366 2100368
2100366 2100366 2100366 2100366 2100366 2100366 2100366 2100366 2100366 2100366 2100366 2100366 2100366 2100366 2100366 2100366 2100366 2100366 2100366 2100366 2100366 2100366 2100366 2100366 2100366 2100366 2100366 2100366 2100366 2100366
2100366 2100366
2010939
2403383 2101411 2101411 2010936
2100366 2100366 2100366 2100366
2010939 2101616
2101616
2101411
2025822
2101411
2100366 2100366 2100366 2100366 2100366 2100366 2100366 2100366 2100366 2100366 2100366 2100366 2100366 2100366
2023640
2023640
2023640
2023640
2002910
2101411 2010939
2100366 2100368 2100366 2100368 2100366 2100368 2100366 2100368 2100366 2100368 2100366 2100368 2100366 2100368
2010939 2101411 2101411
2010935
2001219
2100366 2100366 2100366 2100366 2100366 2100366 2100366
2011716
2101411
2001972
2001219
2100366 2100366 2100366 2100366 2100366
2100366 2100366 2100366 2100366 2100366 2100366 2100366 2100366
2100366 2100366 2100366 2100366 2100366 2100366 2100366
2100366 2100366 2100366 2100366 2100366 2100366 2100366
