2001219
2400008
2400008
2400008
2101411 2101411 2101616 2101616 2101411 2101411
2101411 2101411
2010935
2001972 2001972 2001972 2001972 2001972 2001972 2001972
2001219
2100366 2100366 2100366 2100366
2001972
2100366 2100366 2100366 2100366 2100366 2100366 2100366 2100366 2100366 2100366 2100366 2100366 2100366 2100366 2100366 2100366 2100366 2100366 2100366
2100366 2100366 2100366 2100366
2001219
2002911
2010935
2010935
2010935
2010935
2010935
2101411 2101411
2010935
2010935
2010935
2001219
2010937 2010937 2010937 2010937 2010937 2010937 2010937
2010935
2010935
2010935
2010935
2010935
2001219
2001219
2010935
2010935
2001219
2010935
2001219
2025822 2025822
2001972
2001972
2001219 2001219 2001219 2001219 2001219
2001219
2010937 2010937
2527012
2527009
2010935
2010935
2010935
2001219
2001972 2001972 2001972 2001972
2011716
2001219 2001219
2010937 2010937 2010937 2010937 2010937 2010937 2010937 2010937 2010937
2001972 2001972 2001972 2001972 2001972
2001219
2010937 2010937 2010937 2010937
2001219
2001972 2001972 2001972 2001972 2001972 2001972 2001972 2001972 2001972 2001972 2001972 2001972 2001972 2001972 2001972 2001972 2001972 2001972
2016149 2016149 2016149 2016149 2016149 2016149 2016149
2016149 2016149 2016149 2016149 2016149 2016149 2016149
2001330
2016149 2016149 2016149 2016149 2016149 2016149 2016149
2001330
2016149 2016149 2016149 2016149 2016149 2016149 2016149
2049326 2049326 2049326
2001972
2001219 2001219
2001972
2001219 2001219
2001219
2001219
2010935
2001972 2001972 2001972 2001972 2001972 2001972 2001972
2001972
2001972 2001972
2001972 2001972
2001972
2001219
2010935
2101616 2101616
2010937 2101411 2101411 2101616 2101411 2101411
2001972
2001972 2001972 2001972 2001972 2001972
2001972
2010937 2010937
2400021
2400021
2400021
2010935
2001972 2001972
2001972
2525006
2101616 2101616 2101616 2101411 2101411 2101616
2102465 2102466 1618009
2001219
2102465 2102466 1618009 2102466 1618009 2102465 2102466 2102465 2102465 2102466 2102465 2102466 1618009 2102465 2102466 1618009 2102466 2102465
2010935
2010935
2001972
2001972 2001972 2001972 2001972 2001972
2010935
2001972
2001972 2001972
2001972 2001972 2001972
2001972
2001219
2010935 2101411 2010937 2010937 2010937 2010939
2010937 2010939 2010939 2010939 2010937 2010935 2010937 2010939 2010937 2010937 2010937
2101411 2010937 2101411 2010939 2010939 2010937 2010935 2101411
2010937 2010937 2010937 2010935 2010937 2010937 2010935 2010935 2010937 2010937 2010935 2010937
2010937 2010939 2010937 2010937 2010939 2010939 2010937 2010937
2010937 2010937 2101411 2101411 2101411 2010939 2101411
2010937 2101411 2010939 2010939
2101411 2010937 2101411 2010937 2010939 2010935 2010937 2010937 2010937 2010937
2101411 2010935 2101411 2010935 2010937 2010935 2002911 2010937 2010935 2101411 2010937
2010939 2010939 2010937 2010939 2010939
2010937 2010935 2101411 2010939 2101411
2101411 2010939 2010935 2010939 2101411 2010935 2101411 2010935 2010939 2101411
2010939 2010939 2010939 2010939 2010939 2101411 2010939 2010939 2010935 2010935 2010935
2010937 2010937 2010937 2010935 2010939 2010937 2010937 2010935 2101411 2010937 2010937 2101411 2010935
2010937 2010937 2010935 2010939 2101411 2010937 2010935 2101411 2101411 2101411 2010939 2101411 2010935
2010935 2010935 2101411 2010937 2010937
2010935 2010935
2010937 2010935 2010935 2101411 2010937 2101411 2010935
2010939 2010939 2010939 2010939 2010935 2010939 2010939 2010939
2010939 2010935 2010939 2010935 2010939
2101411 2101411 2101411 2010935 2010937 2010935 2010935 2101411
2010939 2010935 2010939 2101411 2010935 2101411 2010935 2010935
2010935 2010935 2010935 2010939
2010939 2010937 2010937 2010939 2010939
2010939 2010935 2010935 2010937 2010937 2010937 2010935 2010937 2010935 2010937 2010937 2010939 2010937 2010935
2010937 2010935 2010937 2010937 2010935 2101411
2010939 2010939 2010937 2010937 2101411 2101411 2010939 2010937 2010937 2010937 2101411
2010939 2010935 2010939 2010939 2010939 2010935 2010939 2010939
2010935 2010935 2010939 2101411 2101411 2010937 2010935 2101411 2101411 2010935 2101411 2101411 2101411 2101411 2101411 2101411 2101411 2101411 2101411 2101411
2101411 2010939 2010939 2010939 2010939 2101411 2010939 2101411 2010937 2101411 2101411 2010935
2010939 2010937 2010939 2010935 2002911 2010939 2010935 2010939 2101411 2010937
2010937 2101411
2010935 2010937 2010939 2010935 2010939 2101411 2010935 2101411 2101411 2010939 2010939 2010937 2010935 2010939 2010935 2010939 2101411 2010939 2010939 2010939 2101411 2101411 2010937 2010939 2101411
2101411 2101411 2010937 2010935 2101411 2010935 2010937 2010937 2101411 2010939 2101411 2010935 2101411 2010935 2010935 2101411 2101411 2010935 2010937 2101411 2101411
2010937 2010935 2010939 2010939 2010935 2010937
2010939 2010935 2010939 2010939 2010935 2010937 2010939 2010937 2010935 2010939
2001972
2101411
2010939
2010935
2001972
2001972
2100366 2100366 2100366 2100366
2100366
2100366 2100366 2100366 2100366 2100366 2100366 2100366 2100366 2100366 2100366 2100366 2100366 2100366 2100366 2100366 2100366 2100366 2100366 2100366
2100366 2100368 2100366 2100368 2100366 2100368 2100366 2100368 2100366 2100368 2100366 2100368 2100366 2100368 2100366 2100368 2100366 2100368 2100366 2100368 2100366 2100368 2100366 2100368 2100366 2100368 2100366 2100368 2100366 2100368 2100366 2100368 2100366 2100368 2100366 2100368
2010935
2001972
2001972 2001972 2001972
2001219
2100366 2100366
2100366 2100368 2100366 2100368
2100366 2100368 2100366 2100368 2100366 2100368 2100366 2100368 2100366 2100368 2100366 2100368 2100366 2100368 2100366 2100368 2100366 2100368 2100366 2100368 2100366 2100368 2100366 2100368 2100366 2100368 2100366 2100368 2100366 2100368 2100366 2100368 2100366 2100368 2100366 2100368 2100366 2100368 2100366 2100368 2100366 2100368 2100366 2100368 2100366 2100368 2100366 2100368 2100366 2100368 2100366 2100368 2100366 2100368 2100366 2100368 2100366 2100368 2100366 2100368 2100366 2100368 2100366 2100368 2100366 2100368 2100366 2100368 2100366 2100368 2100366 2100368 2100366 2100368 2100366 2100368 2100366 2100368 2100366 2100368 2100366 2100368 2100366 2100368 2100366 2100368 2100366 2100368 2100366 2100368 2100366 2100368 2100366 2100368 2100366 2100368 2100366 2100368 2100366 2100368 2100366 2100368 2100366 2100368 2100366 2100368 2100366 2100368 2100366 2100368 2100366 2100368 2100366 2100368 2100366 2100368 2100366 2100368
2100366 2100368 2100366 2100368 2100366 2100368 2100366 2100368
2100366 2100368 2100366 2100368
2010935
2001219
2001972
2001972
2100366 2100366 2100366 2100366 2100366 2100366 2100366 2100366 2100366 2100366 2100366 2100366 2100366 2100366 2100366 2100366 2100366 2100366
2100366 2100368 2100366 2100368
2100366 2100368 2100366 2100368 2100366 2100368 2100366 2100368 2100366 2100368 2100366 2100368 2100366 2100368 2100366 2100368 2100366 2100368 2100366 2100368 2100366 2100368 2100366 2100368 2100366 2100368 2100366 2100368 2100366 2100368 2100366 2100368 2100366 2100368 2100366 2100368
2001219
2100366 2100368 2100369 2100373
2010935
2100366 2100368 2100369 2100373
2001972
2008578 2011716
2008578 2011716 2011716 2008578 2011716 2011716 2011716 2008578 2011716 2008578 2011716 2011716 2011716 2011716 2008578 2008578 2011716 2011716 2011716 2011716 2008578 2008578 2011716 2011716 2011716 2008578 2011716 2008578 2011716 2011716 2011716 2008578 2011716 2008578 2011716 2011716 2011716 2008578 2011716 2008578 2011716 2008578 2011716 2008578 2011716 2008578 2011716 2008578 2011716 2011716 2008578 2011716 2008578 2011716 2011716 2008578 2011716 2011716 2011716 2011716 2008578 2011716 2011716 2011716 2008578 2011716 2008578 2011716 2008578 2008578 2011716 2008578 2011716 2008578 2011716 2008578 2011716 2011716 2011716 2011716 2008578 2008578 2011716 2008578 2011716 2008578 2011716 2008578 2011716 2011716 2008578 2011716 2011716 2011716 2011716 2011716 2008578 2011716 2011716 2011716 2008578
2001972 2001972 2001972 2001972
2100366 2100366 2100366 2100366 2100366 2100366 2100366 2100366 2100366 2100366 2100366 2100366 2100366 2100366 2100366 2100366 2100366 2100366
2001972 2001972 2001972 2001972 2001972 2001972 2001972
2001972 2001972 2001972 2001972 2001972 2001972 2001972 2001972
2101616
2101411 2101411
2001219
2001972
2001219
2010935
2010935
2010935
2010935
2010935 2010935 2010935 2010935 2010935 2010935 2010935 2010935 2010935 2010935 2010935 2010935 2010935 2010935 2010935 2010935 2010935 2010935 2010935 2010935 2010935 2010935 2010935 2010935 2010935 2010935 2010935 2010935 2010935 2010935 2010935 2010935 2010935 2010935 2010935 2010935 2010935 2010935 2010935 2010935 2010935 2010935
2010935
2010935
2010935
2100366 2100366 2100366
2001219
2001219
2001219
2001219
2010935
2010935
2010935
2010935
2100366 2100366
2100366 2100366 2100366 2100366
2100366 2100366 2100366 2100366 2100366 2100366 2100366 2100366 2100366 2100366 2100366 2100366 2100366 2100366 2100366 2100366 2100366 2100366
2100366 2100366 2100366 2100366 2100366 2100366 2100366 2100366 2100366 2100366 2100366 2100366 2100366 2100366 2100366 2100366 2100366 2100366
2100366 2100366
2100366 2100366 2100366 2100366 2100366 2100366 2100366 2100366 2100366 2100366 2100366 2100366 2100366 2100366 2100366 2100366 2100366 2100366 2100366 2100366 2100366 2100366 2100366 2100366 2100366 2100366 2100366 2100366 2100366 2100366 2100366 2100366 2100366 2100366 2100366 2100366 2100366 2100366 2100366 2100366 2100366 2100366 2100366 2100366 2100366 2100366 2100366 2100366 2100366 2100366 2100366 2100366 2100366 2100366 2100366
2100366 2100366 2100366 2100366 2100366 2100366
2100366 2100366 2100366 2100366 2100366 2100366 2100366 2100366 2100366 2100366 2100366 2100366 2100366 2100366 2100366 2100366 2100366 2100366
2100366 2100366
2100366 2100366
2100366 2100366 2100366
2100366 2100366 2100366 2100366 2100366 2100366 2100366 2100366 2100366 2100366 2100366 2100366 2100366 2100366 2100366 2100366 2100366 2100366 2100366 2100366 2100366 2100366 2100366 2100366 2100366 2100366 2100366 2100366 2100366 2100366 2100366 2100366 2100366 2100366 2100366 2100366 2100366 2100366 2100366 2100366 2100366 2100366 2100366 2100366 2100366 2100366 2100366 2100366 2100366 2100366 2100366 2100366 2100366 2100366 2100366 2100366 2100366 2100366 2100366 2100366 2100366 2100366 2100366
2100366 2100366
2100366 2100366
2100366 2100366 2100366 2100366 2100366 2100366 2100366 2100366 2100366 2100366
2100366 2100366
2100366 2100366
2001972
2001972
2001972 2001972 2001972
2001972 2001972 2001972 2001972
2010935
2010937 2101411 2101411
2010935
2001972
2403356
2001972
2010935 2010935 2010935 2010935 2010935 2010935 2010935 2010935 2010935 2010935 2010935 2010935
2001972 2001972 2001972
2400000
2400000
2400000
2400000
2400000 2400000
2400000 2010937 2010937
2001972
2010938
2001972 2001972 2001972
2001972 2001972
2008578 2011716 2008578 2011716 2011716 2008578 2011716 2008578 2011716 2008578 2011716
2001219
2010935
2010935 2010935
2010935
2010935 2010936 2101616
2001972 2001972
2010935
2100366 2100368 2100369 2100373
2010937 2010937 2010937 2010937
2100366 2100366 2100366 2100366
2010935
2522698 2522698 2522698 2522698 2522698 2522698
2002911 2002911 2002911 2002911 2002911
2008578 2011716 2008578 2011716 2011716 2008578 2011716 2011716 2011716 2008578 2011716 2008578 2011716 2008578 2011716
2001972 2001972
2100366 2100368 2100366 2100368
2100366 2100366
2100366 2100366
2100366 2100366
2100366 2100366
2100366 2100366 2100366 2100366 2100366 2100366 2100366 2100366 2100366 2100366 2100366 2100366 2100366 2100366 2100366 2100366 2100366 2100366 2100366 2100366 2100366 2100366 2100366 2100366 2100366 2100366 2100366 2100366 2100366 2100366 2100366 2100366 2100366 2100366 2100366 2100366 2100366 2100366 2100366 2100366 2100366 2100366 2100366 2100366 2100366 2100366 2100366 2100366 2100366 2100366 2100366 2100366 2100366 2100366 2100366 2100366 2100366
2100366 2100368 2100366 2100368
2001972
2001219
2403383
2403383 2101616
2001972 2001972 2001972 2001972
2001972
2100366 2100368 2100366 2100368
2100366 2100368 2100366 2100368 2100366 2100368
2100366 2100368 2100366 2100368 2100366 2100368 2100366 2100368
2100366 2100368 2100366 2100368 2100366 2100368 2100366 2100368 2100366 2100368 2100366 2100368 2100366 2100368 2100366 2100368 2100366 2100368 2100366 2100368 2100366 2100368 2100366 2100368 2100366 2100368 2100366 2100368 2100366 2100368 2100366 2100368 2100366 2100368 2100366 2100368 2100366 2100368 2100366 2100368 2100366 2100368 2100366 2100368 2100366 2100368 2100366 2100368 2100366 2100368 2100366 2100368 2100366 2100368 2100366 2100368 2100366 2100368 2100366 2100368 2100366 2100368 2100366 2100368 2100366 2100368 2100366 2100368 2100366 2100368 2100366 2100368 2100366 2100368 2100366 2100368 2100366 2100368 2100366 2100368 2100366 2100368 2100366 2100368 2100366 2100368 2100366 2100368 2100366 2100368 2100366 2100368 2100366 2100368 2100366 2100368 2100366 2100368 2100366 2100368 2100366 2100368 2100366 2100368 2100366 2100368 2100366 2100368 2100366 2100368 2100366 2100368 2100366 2100368
2001972
2403385 2403385 2010939 2010936
2101616
2101616
2403385
2101616
2100366 2100366
2100366 2100368 2100366 2100368 2100366 2100368 2100366 2100368 2100366 2100368 2100366 2100368 2100366 2100368 2100366 2100368 2100366 2100368 2100366 2100368 2100366 2100368 2100366 2100368 2100366 2100368 2100366 2100368 2100366 2100368 2100366 2100368 2100366 2100368 2100366 2100368 2100366 2100368
2001972
2010935
2023640 2023640 2023640 2023640
2023640 2023640 2023640 2023640
2023640 2023640 2023640 2023640
2023640 2023640 2023640 2023640
2002910
2001972 2001972 2001972
2010935
2001972
2403389 2010936
2001972
2101616 2101616
2010935
2100366
2403395 2101411
2001972    #                             Loading data        
2100366 2100366 2100366 2100366
2100366 2100366 2100366 2100366 2100366 2100366 2100366 2100366 2100366 2100366 2100366 2100366 2100366 2100366 2100366 2100366 2100366 2100366 2100366
2001972 2001972 2001972 2001972 2001972
2403397
2001219
2100366
2100366 2100366 2100366 2100366 2100366 2100366 2100366 2100366 2100366 2100366 2100366 2100366 2100366 2100366 2100366 2100366 2100366 2100366 2100366
2001972
2100366 2100366 2100366 2100366
